0.293635 0.208068 0.154268 0.104227 0.059055 0.165656 0.069120 0.044881 0.027682 0.015212 0.011665 0.006787 0.004906 0.003339 0.001865 -0.002077 -0.002920 -0.002924 -0.004059 -0.000212
0.208068 0.292135 0.208298 0.151223 0.099136 0.111252 0.164134 0.068579 0.042665 0.026462 0.007930 0.011372 0.006802 0.004831 0.003092 -0.002115 -0.001110 -0.001284 -0.001962 0.002027
0.154268 0.208298 0.294099 0.208593 0.150006 0.086517 0.110996 0.165546 0.068076 0.042867 0.006068 0.007933 0.011545 0.006832 0.004728 -0.004239 -0.002406 -0.002644 -0.002121 0.001717
0.104227 0.151223 0.208593 0.296994 0.209097 0.065933 0.085188 0.110477 0.167980 0.069305 0.004336 0.005905 0.007952 0.012118 0.006881 -0.006818 -0.004506 -0.003846 -0.001522 0.001339
0.059055 0.099136 0.150006 0.209097 0.295506 0.047699 0.064169 0.084461 0.112711 0.166980 0.002671 0.004003 0.005792 0.008114 0.011909 -0.004294 -0.001863 -0.000738 -0.001050 -0.000906
0.165656 0.111252 0.086517 0.065933 0.047699 0.176392 0.050387 0.030441 0.019977 0.013391 0.007987 0.003738 0.002748 0.002068 0.001451 -0.002003 -0.002331 -0.001708 -0.001889 -0.000186
0.069120 0.164134 0.110996 0.085188 0.064169 0.050387 0.175633 0.049531 0.029248 0.019551 0.002843 0.007663 0.003742 0.002683 0.001934 -0.001664 -0.000119 -0.001022 -0.000727 0.000782
0.044881 0.068579 0.165546 0.110477 0.084461 0.030441 0.049531 0.177949 0.049421 0.029490 0.001839 0.002783 0.007793 0.003726 0.002668 -0.002457 -0.001600 -0.001422 -0.000443 0.000505
0.027682 0.042665 0.068076 0.167980 0.112711 0.019977 0.029248 0.049421 0.179482 0.050505 0.001180 0.001722 0.002795 0.008385 0.003913 -0.003674 -0.002987 -0.002044 -0.000510 0.001242
0.015212 0.026462 0.042867 0.069305 0.166980 0.013391 0.019551 0.029490 0.050505 0.178797 0.000684 0.001077 0.001706 0.002908 0.008232 -0.002993 -0.002181 -0.001392 -0.001836 -0.000268
0.011665 0.007930 0.006068 0.004336 0.002671 0.007987 0.002843 0.001839 0.001180 0.000684 0.000838 0.000401 0.000288 0.000198 0.000112 -0.000121 -0.000118 -0.000091 -0.000099 0.000062
0.006787 0.011372 0.007933 0.005905 0.004003 0.003738 0.007663 0.002783 0.001722 0.001077 0.000401 0.000780 0.000402 0.000282 0.000176 -0.000197 -0.000176 -0.000070 -0.000028 0.000148
0.004906 0.006802 0.011545 0.007952 0.005792 0.002748 0.003742 0.007793 0.002795 0.001706 0.000288 0.000402 0.000802 0.000405 0.000270 -0.000216 -0.000154 -0.000234 -0.000089 0.000086
0.003339 0.004831 0.006832 0.012118 0.008114 0.002068 0.002683 0.003726 0.008385 0.002908 0.000198 0.000282 0.000405 0.000921 0.000425 -0.000228 -0.000151 -0.000183 -0.000072 0.000078
0.001865 0.003092 0.004728 0.006881 0.011909 0.001451 0.001934 0.002668 0.003913 0.008232 0.000112 0.000176 0.000270 0.000425 0.000878 -0.000164 -0.000082 -0.000095 -0.000114 -0.000139
-0.002077 -0.002115 -0.004239 -0.006818 -0.004294 -0.002003 -0.001664 -0.002457 -0.003674 -0.002993 -0.000121 -0.000197 -0.000216 -0.000228 -0.000164 0.407633 0.306076 0.230963 0.157043 0.090571
-0.002920 -0.001110 -0.002406 -0.004506 -0.001863 -0.002331 -0.000119 -0.001600 -0.002987 -0.002181 -0.000118 -0.000176 -0.000154 -0.000151 -0.000082 0.306076 0.408289 0.308753 0.229121 0.155617
-0.002924 -0.001284 -0.002644 -0.003846 -0.000738 -0.001708 -0.001022 -0.001422 -0.002044 -0.001392 -0.000091 -0.000070 -0.000234 -0.000183 -0.000095 0.230963 0.308753 0.413563 0.308672 0.229647
-0.004059 -0.001962 -0.002121 -0.001522 -0.001050 -0.001889 -0.000727 -0.000443 -0.000510 -0.001836 -0.000099 -0.000028 -0.000089 -0.000072 -0.000114 0.157043 0.229121 0.308672 0.408770 0.306691
-0.000212 0.002027 0.001717 0.001339 -0.000906 -0.000186 0.000782 0.000505 0.001242 -0.000268 0.000062 0.000148 0.000086 0.000078 -0.000139 0.090571 0.155617 0.229647 0.306691 0.408142
# New time slice
0.121558 0.103704 0.083085 0.058394 0.032771 0.045875 0.030989 0.023277 0.013925 0.007660 0.004003 0.003300 0.002605 0.001790 0.001015 -0.002038 -0.002004 -0.001435 -0.002697 -0.000485
0.103704 0.120586 0.105085 0.080537 0.053622 0.044495 0.044077 0.031877 0.020836 0.013493 0.003575 0.003999 0.003323 0.002480 0.001638 -0.001691 -0.000844 0.000200 -0.000909 0.001469
0.083085 0.105085 0.121768 0.104312 0.078711 0.040758 0.045566 0.042960 0.029625 0.020884 0.003062 0.003728 0.004019 0.003305 0.002430 -0.003463 -0.001561 -0.001243 -0.001552 0.001150
0.058394 0.080537 0.104312 0.123717 0.103618 0.034441 0.040278 0.043596 0.044983 0.030866 0.002317 0.003018 0.003698 0.004300 0.003282 -0.005560 -0.003340 -0.002886 0.000010 0.001436
0.032771 0.053622 0.078711 0.103618 0.122237 0.026069 0.032918 0.038335 0.044892 0.044487 0.001445 0.002131 0.002913 0.003720 0.004112 -0.001941 0.000474 0.000760 0.001067 0.000028
0.045875 0.044495 0.040758 0.034441 0.026069 0.026362 0.015702 0.012212 0.009040 0.006511 0.001729 0.001435 0.001254 0.001036 0.000779 -0.002197 -0.000842 -0.000367 -0.000586 0.000135
0.030989 0.044077 0.045566 0.040278 0.032918 0.015702 0.025057 0.016605 0.012067 0.009044 0.001129 0.001650 0.001445 0.001217 0.000969 -0.001476 -0.000548 0.000624 0.000638 0.001524
0.023277 0.031877 0.042960 0.043596 0.038335 0.012212 0.016605 0.021815 0.015110 0.011391 0.000869 0.001184 0.001559 0.001435 0.001188 -0.002122 -0.001120 -0.000508 -0.000636 0.000498
0.013925 0.020836 0.029625 0.044983 0.044892 0.009040 0.012067 0.015110 0.025117 0.016121 0.000563 0.000809 0.001109 0.001869 0.001461 -0.003251 -0.002463 -0.002107 0.001182 0.001522
0.007660 0.013493 0.020884 0.030866 0.044487 0.006511 0.009044 0.011391 0.016121 0.024152 0.000314 0.000525 0.000784 0.001187 0.001758 0.000171 0.000669 0.000850 0.000935 -0.000159
0.004003 0.003575 0.003062 0.002317 0.001445 0.001729 0.001129 0.000869 0.000563 0.000314 0.000156 0.000132 0.000112 0.000083 0.000049 -0.000115 -0.000067 -0.000041 -0.000041 0.000019
0.003300 0.003999 0.003728 0.003018 0.002131 0.001435 0.001650 0.001184 0.000809 0.000525 0.000132 0.000155 0.000137 0.000109 0.000072 -0.000112 -0.000090 -0.000008 0.000012 0.000095
0.002605 0.003323 0.004019 0.003698 0.002913 0.001254 0.001445 0.001559 0.001109 0.000784 0.000112 0.000137 0.000157 0.000142 0.000105 -0.000132 -0.000092 -0.000086 -0.000065 0.000043
0.001790 0.002480 0.003305 0.004300 0.003720 0.001036 0.001217 0.001435 0.001869 0.001187 0.000083 0.000109 0.000142 0.000191 0.000140 -0.000209 -0.000169 -0.000207 -0.000005 0.000032
0.001015 0.001638 0.002430 0.003282 0.004112 0.000779 0.000969 0.001188 0.001461 0.001758 0.000049 0.000072 0.000105 0.000140 0.000169 0.000020 0.000052 0.000014 0.000026 -0.000095
-0.002038 -0.001691 -0.003463 -0.005560 -0.001941 -0.002197 -0.001476 -0.002122 -0.003251 0.000171 -0.000115 -0.000112 -0.000132 -0.000209 0.000020 0.166948 0.142992 0.114631 0.080221 0.047960
-0.002004 -0.000844 -0.001561 -0.003340 0.000474 -0.000842 -0.000548 -0.001120 -0.002463 0.000669 -0.000067 -0.000090 -0.000092 -0.000169 0.000052 0.142992 0.166395 0.143999 0.111517 0.078518
-0.001435 0.000200 -0.001243 -0.002886 0.000760 -0.000367 0.000624 -0.000508 -0.002107 0.000850 -0.000041 -0.000008 -0.000086 -0.000207 0.000014 0.114631 0.143999 0.170114 0.142958 0.112030
-0.002697 -0.000909 -0.001552 0.000010 0.001067 -0.000586 0.000638 -0.000636 0.001182 0.000935 -0.000041 0.000012 -0.000065 -0.000005 0.000026 0.080221 0.111517 0.142958 0.168121 0.143207
-0.000485 0.001469 0.001150 0.001436 0.000028 0.000135 0.001524 0.000498 0.001522 -0.000159 0.000019 0.000095 0.000043 0.000032 -0.000095 0.047960 0.078518 0.112030 0.143207 0.168109
# New time slice
0.085911 0.074786 0.060233 0.043185 0.023748 0.030621 0.022505 0.016632 0.010795 0.005106 0.002782 0.002381 0.001891 0.001323 0.000703 -0.000159 -0.000493 -0.001349 -0.002369 -0.000521
0.074786 0.086535 0.075094 0.058556 0.038537 0.031644 0.029685 0.021801 0.015143 0.008987 0.002565 0.002813 0.002396 0.001817 0.001181 -0.001546 0.000147 -0.000106 -0.000777 0.001316
0.060233 0.075094 0.088264 0.075884 0.056939 0.029030 0.031105 0.030590 0.021562 0.014509 0.002205 0.002619 0.002931 0.002394 0.001768 -0.003430 -0.001480 -0.000237 0.000276 0.002644
0.043185 0.058556 0.075884 0.087181 0.073491 0.024770 0.028403 0.031334 0.029610 0.021048 0.001676 0.002150 0.002673 0.002904 0.002343 -0.004040 -0.002162 -0.001131 -0.000925 0.001643
0.023748 0.038537 0.056939 0.073491 0.087589 0.018240 0.023211 0.027643 0.030843 0.031137 0.001080 0.001553 0.002153 0.002584 0.002972 -0.001643 0.000497 0.001450 0.001551 0.000742
0.030621 0.031644 0.029030 0.024770 0.018240 0.016235 0.011319 0.008781 0.006678 0.004339 0.001099 0.001048 0.000926 0.000771 0.000553 0.000148 -0.000886 -0.001341 -0.001587 -0.000820
0.022505 0.029685 0.031105 0.028403 0.023211 0.011319 0.014135 0.010636 0.008153 0.005894 0.000817 0.001061 0.001017 0.000872 0.000690 -0.001909 -0.000218 0.000607 0.000836 0.001751
0.016632 0.021801 0.030590 0.031334 0.027643 0.008781 0.010636 0.014849 0.010601 0.007834 0.000610 0.000788 0.001107 0.001023 0.000878 -0.002635 -0.002038 -0.000582 0.000422 0.001478
0.010795 0.015143 0.021562 0.029610 0.030843 0.006678 0.008153 0.010601 0.014023 0.010472 0.000415 0.000563 0.000793 0.001101 0.001036 -0.001041 -0.000731 -0.000212 -0.000759 0.000491
0.005106 0.008987 0.014509 0.021048 0.031137 0.004339 0.005894 0.007834 0.010472 0.016309 0.000265 0.000393 0.000583 0.000810 0.001249 0.000108 0.000522 0.000811 0.000884 -0.000133
0.002782 0.002565 0.002205 0.001676 0.001080 0.001099 0.000817 0.000610 0.000415 0.000265 0.000102 0.000089 0.000077 0.000056 0.000036 -0.000057 -0.000069 -0.000068 -0.000029 0.000008
0.002381 0.002813 0.002619 0.002150 0.001553 0.001048 0.001061 0.000788 0.000563 0.000393 0.000089 0.000104 0.000093 0.000073 0.000052 -0.000142 -0.000068 -0.000052 -0.000004 0.000060
0.001891 0.002396 0.002931 0.002673 0.002153 0.000926 0.001017 0.001107 0.000793 0.000583 0.000077 0.000093 0.000107 0.000094 0.000074 -0.000146 -0.000130 -0.000071 0.000043 0.000106
0.001323 0.001817 0.002394 0.002904 0.002584 0.000771 0.000872 0.001023 0.001101 0.000810 0.000056 0.000073 0.000094 0.000109 0.000093 -0.000104 -0.000094 -0.000115 -0.000144 -0.000030
0.000703 0.001181 0.001768 0.002343 0.002972 0.000553 0.000690 0.000878 0.001036 0.001249 0.000036 0.000052 0.000074 0.000093 0.000117 -0.000010 0.000012 0.000001 0.000009 -0.000051
-0.000159 -0.001546 -0.003430 -0.004040 -0.001643 0.000148 -0.001909 -0.002635 -0.001041 0.000108 -0.000057 -0.000142 -0.000146 -0.000104 -0.000010 0.096063 0.082932 0.067763 0.047724 0.029440
-0.000493 0.000147 -0.001480 -0.002162 0.000497 -0.000886 -0.000218 -0.002038 -0.000731 0.000522 -0.000069 -0.000068 -0.000130 -0.000094 0.000012 0.082932 0.094708 0.083260 0.064302 0.045915
-0.001349 -0.000106 -0.000237 -0.001131 0.001450 -0.001341 0.000607 -0.000582 -0.000212 0.000811 -0.000068 -0.000052 -0.000071 -0.000115 0.000001 0.067763 0.083260 0.098861 0.082373 0.065292
-0.002369 -0.000777 0.000276 -0.000925 0.001551 -0.001587 0.000836 0.000422 -0.000759 0.000884 -0.000029 -0.000004 0.000043 -0.000144 0.000009 0.047724 0.064302 0.082373 0.095294 0.082899
-0.000521 0.001316 0.002644 0.001643 0.000742 -0.000820 0.001751 0.001478 0.000491 -0.000133 0.000008 0.000060 0.000106 -0.000030 -0.000051 0.029440 0.045915 0.065292 0.082899 0.097280
# New time slice
0.064508 0.055553 0.045062 0.032026 0.017812 0.021437 0.016342 0.012008 0.007724 0.003603 0.002131 0.001750 0.001381 0.000994 0.000513 -0.000179 -0.000115 -0.001548 -0.001985 -0.001070
0.055553 0.065504 0.057038 0.044240 0.029589 0.022475 0.022716 0.016086 0.011026 0.006685 0.001915 0.002165 0.001798 0.001396 0.000896 -0.000078 0.000687 0.000487 -0.000135 0.000703
0.045062 0.057038 0.065913 0.056811 0.043005 0.021095 0.023023 0.022142 0.015606 0.010660 0.001645 0.001984 0.002160 0.001792 0.001317 -0.002901 -0.001137 0.000898 0.000410 0.001829
0.032026 0.044240 0.056811 0.064544 0.055288 0.017898 0.020742 0.023680 0.020503 0.015493 0.001260 0.001631 0.002018 0.002070 0.001727 -0.001965 0.000319 0.002003 -0.000173 0.001173
0.017812 0.029589 0.043005 0.055288 0.067287 0.013383 0.017223 0.021163 0.022074 0.023964 0.000806 0.001181 0.001616 0.001940 0.002216 -0.001054 0.001579 0.002612 0.001492 0.000825
0.021437 0.022475 0.021095 0.017898 0.013383 0.008297 0.007617 0.006022 0.004417 0.003202 0.000769 0.000709 0.000651 0.000549 0.000398 -0.000704 -0.000898 -0.001179 -0.001353 -0.001028
0.016342 0.022716 0.023023 0.020742 0.017223 0.007617 0.010307 0.007464 0.005637 0.004349 0.000599 0.000839 0.000734 0.000643 0.000515 -0.000374 0.000910 0.001570 0.001472 0.001639
0.012008 0.016086 0.022142 0.023680 0.021163 0.006022 0.007464 0.010459 0.007572 0.005920 0.000454 0.000575 0.000770 0.000762 0.000657 -0.002826 -0.001909 0.000892 0.000130 0.000599
0.007724 0.011026 0.015606 0.020503 0.022074 0.004417 0.005637 0.007572 0.009117 0.007523 0.000321 0.000418 0.000594 0.000667 0.000705 -0.000116 0.000756 0.001677 -0.000476 0.000255
0.003603 0.006685 0.010660 0.015493 0.023964 0.003202 0.004349 0.005920 0.007523 0.012230 0.000180 0.000267 0.000417 0.000575 0.000852 -0.000803 0.000032 0.000447 -0.000210 -0.000631
0.002131 0.001915 0.001645 0.001260 0.000806 0.000769 0.000599 0.000454 0.000321 0.000180 0.000082 0.000065 0.000055 0.000041 0.000025 -0.000080 -0.000058 -0.000089 -0.000074 -0.000052
0.001750 0.002165 0.001984 0.001631 0.001181 0.000709 0.000839 0.000575 0.000418 0.000267 0.000065 0.000078 0.000068 0.000055 0.000038 -0.000110 -0.000045 0.000004 0.000011 0.000032
0.001381 0.001798 0.002160 0.002018 0.001616 0.000651 0.000734 0.000770 0.000594 0.000417 0.000055 0.000068 0.000079 0.000069 0.000054 -0.000176 -0.000140 -0.000060 -0.000043 -0.000020
0.000994 0.001396 0.001792 0.002070 0.001940 0.000549 0.000643 0.000762 0.000667 0.000575 0.000041 0.000055 0.000069 0.000069 0.000066 -0.000043 0.000015 0.000014 -0.000173 -0.000091
0.000513 0.000896 0.001317 0.001727 0.002216 0.000398 0.000515 0.000657 0.000705 0.000852 0.000025 0.000038 0.000054 0.000066 0.000075 -0.000021 0.000051 0.000018 -0.000033 -0.000056
-0.000179 -0.000078 -0.002901 -0.001965 -0.001054 -0.000704 -0.000374 -0.002826 -0.000116 -0.000803 -0.000080 -0.000110 -0.000176 -0.000043 -0.000021 0.054649 0.048289 0.038179 0.026335 0.015703
-0.000115 0.000687 -0.001137 0.000319 0.001579 -0.000898 0.000910 -0.001909 0.000756 0.000032 -0.000058 -0.000045 -0.000140 0.000015 0.000051 0.048289 0.054257 0.046898 0.035647 0.024952
-0.001548 0.000487 0.000898 0.002003 0.002612 -0.001179 0.001570 0.000892 0.001677 0.000447 -0.000089 0.000004 -0.000060 0.000014 0.000018 0.038179 0.046898 0.056462 0.047983 0.037905
-0.001985 -0.000135 0.000410 -0.000173 0.001492 -0.001353 0.001472 0.000130 -0.000476 -0.000210 -0.000074 0.000011 -0.000043 -0.000173 -0.000033 0.026335 0.035647 0.047983 0.053623 0.046536
-0.001070 0.000703 0.001829 0.001173 0.000825 -0.001028 0.001639 0.000599 0.000255 -0.000631 -0.000052 0.000032 -0.000020 -0.000091 -0.000056 0.015703 0.024952 0.037905 0.046536 0.054791
# New time slice
0.047609 0.041113 0.032952 0.023434 0.012916 0.015890 0.011216 0.008286 0.005524 0.002745 0.001560 0.001272 0.000997 0.000714 0.000346 0.002457 0.001817 -0.001394 -0.001367 -0.001154
0.041113 0.050343 0.043082 0.033691 0.022547 0.016570 0.018327 0.012271 0.008506 0.005245 0.001400 0.001650 0.001341 0.001029 0.000629 0.001861 0.001215 -0.000328 -0.000041 0.000493
0.032952 0.043082 0.049592 0.043063 0.032351 0.015496 0.017726 0.016426 0.012009 0.008153 0.001225 0.001485 0.001626 0.001323 0.000929 0.000530 0.000525 0.002458 0.002582 0.003352
0.023434 0.033691 0.043063 0.048200 0.041418 0.013355 0.016185 0.017549 0.014232 0.011315 0.000908 0.001204 0.001534 0.001400 0.001256 0.000049 0.000356 0.001745 0.002725 0.003672
0.012916 0.022547 0.032351 0.041418 0.050256 0.009881 0.013229 0.015498 0.015537 0.017131 0.000595 0.000884 0.001229 0.001356 0.001641 0.000857 0.001504 0.002686 0.002773 0.002396
0.015890 0.016570 0.015496 0.013355 0.009881 0.006755 0.005206 0.004219 0.003362 0.002189 0.000616 0.000506 0.000455 0.000385 0.000268 0.000541 0.000274 -0.000740 -0.000826 -0.000876
0.011216 0.018327 0.017726 0.016185 0.013229 0.005206 0.010220 0.006052 0.004630 0.003354 0.000399 0.000692 0.000583 0.000494 0.000377 0.000439 -0.000461 0.000977 0.001250 0.001395
0.008286 0.012271 0.016426 0.017549 0.015498 0.004219 0.006052 0.007622 0.005974 0.004359 0.000330 0.000452 0.000622 0.000578 0.000480 -0.000340 -0.000460 0.001155 0.001479 0.001738
0.005524 0.008506 0.012009 0.014232 0.015537 0.003362 0.004630 0.005974 0.003598 0.004568 0.000222 0.000315 0.000450 0.000270 0.000455 0.000172 0.000496 0.001282 0.001966 0.001971
0.002745 0.005245 0.008153 0.011315 0.017131 0.002189 0.003354 0.004359 0.004568 0.007549 0.000149 0.000225 0.000331 0.000358 0.000662 0.000220 0.000462 0.000763 0.000687 0.001217
0.001560 0.001400 0.001225 0.000908 0.000595 0.000616 0.000399 0.000330 0.000222 0.000149 0.000056 0.000045 0.000038 0.000029 0.000018 0.000007 -0.000009 -0.000151 -0.000113 -0.000074
0.001272 0.001650 0.001485 0.001204 0.000884 0.000506 0.000692 0.000452 0.000315 0.000225 0.000045 0.000061 0.000047 0.000038 0.000026 -0.000035 -0.000036 -0.000063 -0.000011 0.000046
0.000997 0.001341 0.001626 0.001534 0.001229 0.000455 0.000583 0.000622 0.000450 0.000331 0.000038 0.000047 0.000057 0.000051 0.000039 -0.000016 -0.000023 0.000019 0.000091 0.000159
0.000714 0.001029 0.001323 0.001400 0.001356 0.000385 0.000494 0.000578 0.000270 0.000358 0.000029 0.000038 0.000051 0.000035 0.000042 0.000076 0.000050 0.000109 0.000144 0.000195
0.000346 0.000629 0.000929 0.001256 0.001641 0.000268 0.000377 0.000480 0.000455 0.000662 0.000018 0.000026 0.000039 0.000042 0.000056 0.000024 0.000008 0.000038 0.000021 0.000005
0.002457 0.001861 0.000530 0.000049 0.000857 0.000541 0.000439 -0.000340 0.000172 0.000220 0.000007 -0.000035 -0.000016 0.000076 0.000024 0.031028 0.026016 0.020854 0.014330 0.008669
0.001817 0.001215 0.000525 0.000356 0.001504 0.000274 -0.000461 -0.000460 0.000496 0.000462 -0.000009 -0.000036 -0.000023 0.000050 0.000008 0.026016 0.030318 0.025685 0.019344 0.013713
-0.001394 -0.000328 0.002458 0.001745 0.002686 -0.000740 0.000977 0.001155 0.001282 0.000763 -0.000151 -0.000063 0.000019 0.000109 0.000038 0.020854 0.025685 0.030749 0.025185 0.019781
-0.001367 -0.000041 0.002582 0.002725 0.002773 -0.000826 0.001250 0.001479 0.001966 0.000687 -0.000113 -0.000011 0.000091 0.000144 0.000021 0.014330 0.019344 0.025185 0.028179 0.025483
-0.001154 0.000493 0.003352 0.003672 0.002396 -0.000876 0.001395 0.001738 0.001971 0.001217 -0.000074 0.000046 0.000159 0.000195 0.000005 0.008669 0.013713 0.019781 0.025483 0.030765
# New time slice
0.035247 0.030403 0.024942 0.016699 0.009512 0.010584 0.007473 0.006064 0.002884 0.002054 0.001038 0.000921 0.000730 0.000489 0.000269 0.001860 -0.000105 -0.001572 -0.001897 -0.003165
0.030403 0.036328 0.033152 0.024855 0.017081 0.012418 0.011513 0.009173 0.005291 0.004100 0.000979 0.001098 0.001032 0.000765 0.000516 0.001024 0.002769 0.000945 0.000473 -0.000734
0.024942 0.033152 0.037199 0.031114 0.024094 0.012005 0.013918 0.011108 0.007604 0.006011 0.000864 0.001136 0.001164 0.000956 0.000719 0.000471 0.002114 0.001296 0.001437 0.000304
0.016699 0.024855 0.031114 0.038057 0.032737 0.009932 0.012166 0.011458 0.013478 0.009246 0.000662 0.000928 0.001069 0.001306 0.001012 0.000653 0.002041 0.002217 0.001780 0.001504
0.009512 0.017081 0.024094 0.032737 0.039869 0.007706 0.010145 0.010906 0.013848 0.014906 0.000425 0.000679 0.000884 0.001176 0.001356 0.000986 0.002289 0.002745 0.001782 0.002361
0.010584 0.012418 0.012005 0.009932 0.007706 0.002889 0.003544 0.003155 0.002035 0.001831 0.000295 0.000359 0.000333 0.000270 0.000200 -0.000046 -0.000599 -0.000913 -0.000907 -0.001254
0.007473 0.011513 0.013918 0.012166 0.010145 0.003544 0.004391 0.004364 0.002985 0.002573 0.000245 0.000335 0.000440 0.000358 0.000285 -0.000571 0.002626 0.002484 0.002072 0.001504
0.006064 0.009173 0.011108 0.011458 0.010906 0.003155 0.004364 0.002979 0.003231 0.002837 0.000197 0.000300 0.000365 0.000367 0.000334 -0.000072 0.000781 -0.001099 -0.000196 -0.000515
0.002884 0.005291 0.007604 0.013478 0.013848 0.002035 0.002985 0.003231 0.006825 0.004385 0.000150 0.000224 0.000302 0.000569 0.000440 0.000590 0.001136 0.001116 0.000164 0.000193
0.002054 0.004100 0.006011 0.009246 0.014906 0.001831 0.002573 0.002837 0.004385 0.008112 0.000106 0.000175 0.000241 0.000368 0.000604 -0.000213 0.000284 0.000531 -0.000015 0.000317
0.001038 0.000979 0.000864 0.000662 0.000425 0.000295 0.000245 0.000197 0.000150 0.000106 0.000030 0.000030 0.000025 0.000020 0.000012 -0.000030 -0.000150 -0.000185 -0.000166 -0.000190
0.000921 0.001098 0.001136 0.000928 0.000679 0.000359 0.000335 0.000300 0.000224 0.000175 0.000030 0.000033 0.000037 0.000030 0.000021 -0.000107 0.000005 -0.000040 -0.000030 -0.000046
0.000730 0.001032 0.001164 0.001069 0.000884 0.000333 0.000440 0.000365 0.000302 0.000241 0.000025 0.000037 0.000039 0.000035 0.000027 -0.000047 0.000024 -0.000142 -0.000058 -0.000067
0.000489 0.000765 0.000956 0.001306 0.001176 0.000270 0.000358 0.000367 0.000569 0.000368 0.000020 0.000030 0.000035 0.000053 0.000039 0.000124 0.000158 0.000111 -0.000021 0.000038
0.000269 0.000516 0.000719 0.001012 0.001356 0.000200 0.000285 0.000334 0.000440 0.000604 0.000012 0.000021 0.000027 0.000039 0.000050 0.000004 0.000014 -0.000019 -0.000079 0.000012
0.001860 0.001024 0.000471 0.000653 0.000986 -0.000046 -0.000571 -0.000072 0.000590 -0.000213 -0.000030 -0.000107 -0.000047 0.000124 0.000004 0.015719 0.013512 0.011556 0.006630 0.004212
-0.000105 0.002769 0.002114 0.002041 0.002289 -0.000599 0.002626 0.000781 0.001136 0.000284 -0.000150 0.000005 0.000024 0.000158 0.000014 0.013512 0.017692 0.015328 0.010228 0.007567
-0.001572 0.000945 0.001296 0.002217 0.002745 -0.000913 0.002484 -0.001099 0.001116 0.000531 -0.000185 -0.000040 -0.000142 0.000111 -0.000019 0.011556 0.015328 0.018666 0.014580 0.012394
-0.001897 0.000473 0.001437 0.001780 0.001782 -0.000907 0.002072 -0.000196 0.000164 -0.000015 -0.000166 -0.000030 -0.000058 -0.000021 -0.000079 0.006630 0.010228 0.014580 0.016674 0.015239
-0.003165 -0.000734 0.000304 0.001504 0.002361 -0.001254 0.001504 -0.000515 0.000193 0.000317 -0.000190 -0.000046 -0.000067 0.000038 0.000012 0.004212 0.007567 0.012394 0.015239 0.017815
# New time slice
0.025749 0.022377 0.019392 0.012907 0.005892 0.008099 0.005960 0.004966 0.002449 0.000613 0.000721 0.000702 0.000594 0.000422 0.000178 0.001525 0.000611 -0.000129 -0.000825 -0.002414
0.022377 0.026674 0.024579 0.018428 0.011313 0.009002 0.008783 0.007036 0.004095 0.002082 0.000692 0.000827 0.000755 0.000561 0.000306 0.001060 0.001715 0.001227 0.000691 -0.000940
0.019392 0.024579 0.027227 0.022841 0.016148 0.008688 0.009519 0.007359 0.005648 0.003512 0.000657 0.000793 0.000830 0.000678 0.000439 -0.000465 0.001152 0.001595 0.001864 0.000737
0.012907 0.018428 0.022841 0.026508 0.022669 0.007079 0.008445 0.008307 0.007833 0.005690 0.000497 0.000646 0.000754 0.000828 0.000673 0.000158 0.001897 0.002629 0.001650 0.001844
0.005892 0.011313 0.016148 0.022669 0.029466 0.004990 0.006818 0.007313 0.009418 0.012032 0.000310 0.000464 0.000609 0.000783 0.000933 -0.000415 0.001166 0.001185 0.000541 0.001979
0.008099 0.009002 0.008688 0.007079 0.004990 0.003139 0.002870 0.002290 0.001434 0.000998 0.000172 0.000268 0.000235 0.000187 0.000123 0.000252 0.000440 0.000283 0.000031 -0.000548
0.005960 0.008783 0.009519 0.008445 0.006818 0.002870 0.003546 0.003085 0.002240 0.001731 0.000196 0.000313 0.000274 0.000220 0.000161 0.000309 0.001000 0.001108 0.001264 0.000816
0.004966 0.007036 0.007359 0.008307 0.007313 0.002290 0.003085 0.001270 0.002453 0.002009 0.000168 0.000223 0.000175 0.000232 0.000189 -0.000950 -0.000314 -0.000176 0.000329 0.000326
0.002449 0.004095 0.005648 0.007833 0.009418 0.001434 0.002240 0.002453 0.002888 0.002884 0.000111 0.000150 0.000196 0.000262 0.000278 0.001018 0.001737 0.002126 0.000974 0.000984
0.000613 0.002082 0.003512 0.005690 0.012032 0.000998 0.001731 0.002009 0.002884 0.008609 0.000080 0.000124 0.000171 0.000236 0.000448 -0.000025 0.000300 0.000203 -0.000173 0.001370
0.000721 0.000692 0.000657 0.000497 0.000310 0.000172 0.000196 0.000168 0.000111 0.000080 0.000017 0.000022 0.000020 0.000017 0.000010 -0.000033 -0.000113 -0.000125 -0.000110 -0.000189
0.000702 0.000827 0.000793 0.000646 0.000464 0.000268 0.000313 0.000223 0.000150 0.000124 0.000022 0.000022 0.000024 0.000019 0.000014 -0.000033 0.000012 -0.000022 -0.000016 -0.000090
0.000594 0.000755 0.000830 0.000754 0.000609 0.000235 0.000274 0.000175 0.000196 0.000171 0.000020 0.000024 0.000023 0.000022 0.000018 -0.000054 -0.000020 0.000026 0.000071 0.000041
0.000422 0.000561 0.000678 0.000828 0.000783 0.000187 0.000220 0.000232 0.000262 0.000236 0.000017 0.000019 0.000022 0.000024 0.000024 0.000119 0.000153 0.000137 0.000055 0.000059
0.000178 0.000306 0.000439 0.000673 0.000933 0.000123 0.000161 0.000189 0.000278 0.000448 0.000010 0.000014 0.000018 0.000024 0.000030 0.000000 0.000026 -0.000018 -0.000023 -0.000007
0.001525 0.001060 -0.000465 0.000158 -0.000415 0.000252 0.000309 -0.000950 0.001018 -0.000025 -0.000033 -0.000033 -0.000054 0.000119 0.000000 0.007811 0.007231 0.007092 0.002965 0.003181
0.000611 0.001715 0.001152 0.001897 0.001166 0.000440 0.001000 -0.000314 0.001737 0.000300 -0.000113 0.000012 -0.000020 0.000153 0.000026 0.007231 0.008736 0.008235 0.003751 0.003944
-0.000129 0.001227 0.001595 0.002629 0.001185 0.000283 0.001108 -0.000176 0.002126 0.000203 -0.000125 -0.000022 0.000026 0.000137 -0.000018 0.007092 0.008235 0.008855 0.005948 0.006774
-0.000825 0.000691 0.001864 0.001650 0.000541 0.000031 0.001264 0.000329 0.000974 -0.000173 -0.000110 -0.000016 0.000071 0.000055 -0.000023 0.002965 0.003751 0.005948 0.010138 0.008660
-0.002414 -0.000940 0.000737 0.001844 0.001979 -0.000548 0.000816 0.000326 0.000984 0.001370 -0.000189 -0.000090 0.000041 0.000059 -0.000007 0.003181 0.003944 0.006774 0.008660 0.008990
# New time slice
0.018609 0.015680 0.014454 0.008390 0.003301 0.007154 0.004135 0.003626 0.000910 0.000210 0.000582 0.000457 0.000484 0.000267 0.000104 0.001732 0.000463 -0.000884 -0.002087 -0.003458
0.015680 0.018407 0.017603 0.011927 0.006720 0.006475 0.005995 0.004873 0.002048 0.001201 0.000512 0.000615 0.000599 0.000369 0.000192 0.000423 0.002345 0.001393 0.000304 -0.001061
0.014454 0.017603 0.021715 0.016482 0.011245 0.006387 0.006466 0.008796 0.003952 0.002633 0.000499 0.000599 0.000697 0.000488 0.000317 -0.002066 0.000313 0.002610 0.001657 0.000344
0.008390 0.011927 0.016482 0.019505 0.016204 0.004784 0.005376 0.006787 0.006015 0.004178 0.000347 0.000457 0.000557 0.000621 0.000459 -0.000533 0.001653 0.003689 0.001486 0.001516
0.003301 0.006720 0.011245 0.016204 0.018846 0.003202 0.004152 0.005426 0.006124 0.006045 0.000217 0.000320 0.000431 0.000548 0.000617 -0.000266 0.001877 0.003317 0.002812 0.001846
0.007154 0.006475 0.006387 0.004784 0.003202 0.004572 0.002380 0.001893 0.000833 0.000560 0.000275 0.000222 0.000232 0.000166 0.000109 0.000338 -0.000145 -0.000447 -0.000855 -0.001100
0.004135 0.005995 0.006466 0.005376 0.004152 0.002380 0.002743 0.002185 0.001275 0.000979 0.000116 0.000267 0.000225 0.000173 0.000127 -0.000422 0.002332 0.001852 0.001506 0.001211
0.003626 0.004873 0.008796 0.006787 0.005426 0.001893 0.002185 0.006489 0.002143 0.001463 0.000115 0.000175 0.000325 0.000185 0.000144 -0.001570 -0.000847 0.001617 0.000826 0.000615
0.000910 0.002048 0.003952 0.006015 0.006124 0.000833 0.001275 0.002143 0.001708 0.001676 0.000062 0.000112 0.000166 0.000204 0.000134 0.001323 0.002027 0.002938 0.000550 0.001167
0.000210 0.001201 0.002633 0.004178 0.006045 0.000560 0.000979 0.001463 0.001676 0.003718 0.000065 0.000103 0.000139 0.000171 0.000252 0.000702 0.001345 0.001936 0.001530 0.000026
0.000582 0.000512 0.000499 0.000347 0.000217 0.000275 0.000116 0.000115 0.000062 0.000065 0.000021 0.000016 0.000017 0.000011 0.000009 0.000007 -0.000068 -0.000095 -0.000127 -0.000166
0.000457 0.000615 0.000599 0.000457 0.000320 0.000222 0.000267 0.000175 0.000112 0.000103 0.000016 0.000024 0.000021 0.000016 0.000012 -0.000115 0.000037 0.000008 -0.000018 -0.000062
0.000484 0.000599 0.000697 0.000557 0.000431 0.000232 0.000225 0.000325 0.000166 0.000139 0.000017 0.000021 0.000025 0.000018 0.000014 -0.000150 -0.000034 0.000077 0.000068 0.000027
0.000267 0.000369 0.000488 0.000621 0.000548 0.000166 0.000173 0.000185 0.000204 0.000171 0.000011 0.000016 0.000018 0.000019 0.000017 0.000001 0.000109 0.000172 0.000012 0.000027
0.000104 0.000192 0.000317 0.000459 0.000617 0.000109 0.000127 0.000144 0.000134 0.000252 0.000009 0.000012 0.000014 0.000017 0.000025 -0.000058 0.000029 0.000055 0.000028 -0.000046
0.001732 0.000423 -0.002066 -0.000533 -0.000266 0.000338 -0.000422 -0.001570 0.001323 0.000702 0.000007 -0.000115 -0.000150 0.000001 -0.000058 0.004335 0.003882 0.003712 0.001092 0.001794
0.000463 0.002345 0.000313 0.001653 0.001877 -0.000145 0.002332 -0.000847 0.002027 0.001345 -0.000068 0.000037 -0.000034 0.000109 0.000029 0.003882 0.003812 0.003854 0.001142 0.002112
-0.000884 0.001393 0.002610 0.003689 0.003317 -0.000447 0.001852 0.001617 0.002938 0.001936 -0.000095 0.000008 0.000077 0.000172 0.000055 0.003712 0.003854 0.005643 0.002546 0.003880
-0.002087 0.000304 0.001657 0.001486 0.002812 -0.000855 0.001506 0.000826 0.000550 0.001530 -0.000127 -0.000018 0.000068 0.000012 0.000028 0.001092 0.001142 0.002546 0.004253 0.004798
-0.003458 -0.001061 0.000344 0.001516 0.001846 -0.001100 0.001211 0.000615 0.001167 0.000026 -0.000166 -0.000062 0.000027 0.000027 -0.000046 0.001794 0.002112 0.003880 0.004798 0.005652
# New time slice
0.014339 0.011890 0.010798 0.006577 0.002930 0.005648 0.002397 0.002040 0.000894 0.000346 0.000486 0.000359 0.000361 0.000215 0.000105 0.001873 0.002485 0.000598 -0.000443 -0.002521
0.011890 0.015263 0.014093 0.009489 0.005646 0.005124 0.005850 0.003694 0.001788 0.001133 0.000372 0.000515 0.000451 0.000288 0.000176 0.000406 0.000964 0.000972 0.000801 -0.001090
0.010798 0.014093 0.015287 0.011646 0.008440 0.005075 0.005421 0.004563 0.002860 0.002105 0.000386 0.000518 0.000417 0.000312 0.000218 -0.001409 -0.000151 0.001209 0.001794 -0.000088
0.006577 0.009489 0.011646 0.011969 0.011033 0.003897 0.004317 0.004089 0.002039 0.002550 0.000261 0.000357 0.000344 0.000282 0.000323 0.000202 0.001714 0.002997 0.001720 0.001274
0.002930 0.005646 0.008440 0.011033 0.014976 0.002646 0.003080 0.003725 0.004209 0.005738 0.000161 0.000249 0.000291 0.000391 0.000494 -0.000607 0.001047 0.001863 0.002509 0.000933
0.005648 0.005124 0.005075 0.003897 0.002646 0.003261 0.001431 0.001193 0.000718 0.000493 0.000191 0.000171 0.000149 0.000107 0.000073 0.000591 0.001637 0.000606 0.000058 -0.000749
0.002397 0.005850 0.005421 0.004317 0.003080 0.001431 0.003401 0.001792 0.001036 0.000702 0.000033 0.000239 0.000143 0.000108 0.000076 -0.000089 -0.000917 0.000370 0.000957 0.000653
0.002040 0.003694 0.004563 0.004089 0.003725 0.001193 0.001792 0.001722 0.001541 0.001147 0.000065 0.000149 0.000114 0.000091 0.000071 -0.000576 -0.000284 0.000248 0.000352 -0.000143
0.000894 0.001788 0.002860 0.002039 0.004209 0.000718 0.001036 0.001541 -0.000593 0.001029 0.000047 0.000092 0.000108 -0.000021 0.000112 0.001520 0.001988 0.002254 0.000695 0.001732
0.000346 0.001133 0.002105 0.002550 0.005738 0.000493 0.000702 0.001147 0.001029 0.003259 0.000032 0.000072 0.000098 0.000113 0.000192 0.000667 0.001247 0.001406 0.001627 -0.000771
0.000486 0.000372 0.000386 0.000261 0.000161 0.000191 0.000033 0.000065 0.000047 0.000032 0.000018 0.000010 0.000012 0.000009 0.000007 0.000042 0.000064 -0.000007 -0.000006 -0.000083
0.000359 0.000515 0.000518 0.000357 0.000249 0.000171 0.000239 0.000149 0.000092 0.000072 0.000010 0.000017 0.000017 0.000012 0.000010 -0.000052 -0.000058 -0.000025 0.000017 -0.000043
0.000361 0.000451 0.000417 0.000344 0.000291 0.000149 0.000143 0.000114 0.000108 0.000098 0.000012 0.000017 0.000012 0.000009 0.000009 -0.000075 -0.000048 0.000028 0.000061 0.000011
0.000215 0.000288 0.000312 0.000282 0.000391 0.000107 0.000108 0.000091 -0.000021 0.000113 0.000009 0.000012 0.000009 0.000002 0.000014 0.000009 0.000067 0.000122 -0.000009 0.000000
0.000105 0.000176 0.000218 0.000323 0.000494 0.000073 0.000076 0.000071 0.000112 0.000192 0.000007 0.000010 0.000009 0.000014 0.000015 -0.000082 -0.000018 0.000001 0.000018 -0.000059
0.001873 0.000406 -0.001409 0.000202 -0.000607 0.000591 -0.000089 -0.000576 0.001520 0.000667 0.000042 -0.000052 -0.000075 0.000009 -0.000082 0.002789 0.003861 0.002171 0.000226 0.000775
0.002485 0.000964 -0.000151 0.001714 0.001047 0.001637 -0.000917 -0.000284 0.001988 0.001247 0.000064 -0.000058 -0.000048 0.000067 -0.000018 0.003861 0.004352 0.002864 0.000951 0.001571
0.000598 0.000972 0.001209 0.002997 0.001863 0.000606 0.000370 0.000248 0.002254 0.001406 -0.000007 -0.000025 0.000028 0.000122 0.000001 0.002171 0.002864 0.004023 0.001923 0.002687
-0.000443 0.000801 0.001794 0.001720 0.002509 0.000058 0.000957 0.000352 0.000695 0.001627 -0.000006 0.000017 0.000061 -0.000009 0.000018 0.000226 0.000951 0.001923 0.004659 0.005958
-0.002521 -0.001090 -0.000088 0.001274 0.000933 -0.000749 0.000653 -0.000143 0.001732 -0.000771 -0.000083 -0.000043 0.000011 0.000000 -0.000059 0.000775 0.001571 0.002687 0.005958 0.003699
# New time slice
0.007733 0.006878 0.007407 0.003601 0.000978 0.002400 0.000898 0.002233 -0.000090 -0.000188 0.000203 0.000219 0.000253 0.000080 0.000019 0.001006 0.001589 0.000221 -0.001285 -0.003085
0.006878 0.009784 0.009662 0.005576 0.002742 0.002413 0.003988 0.003183 0.000509 0.000229 0.000194 0.000274 0.000319 0.000117 0.000051 -0.001443 0.001235 0.000985 -0.000076 -0.001457
0.007407 0.009662 0.010956 0.008048 0.005461 0.003054 0.003042 0.004177 0.002051 0.001211 0.000245 0.000310 0.000346 0.000218 0.000144 -0.003914 -0.001217 0.000492 0.000159 -0.000751
0.003601 0.005576 0.008048 0.009231 0.008443 0.002306 0.002160 0.003207 0.003330 0.002145 0.000134 0.000182 0.000228 0.000244 0.000235 -0.002527 -0.000164 0.001705 0.000468 0.001178
0.000978 0.002742 0.005461 0.008443 0.009526 0.001529 0.001352 0.002511 0.003521 0.003841 0.000064 0.000110 0.000176 0.000264 0.000267 -0.002555 -0.000332 0.000969 0.001561 0.000547
0.002400 0.002413 0.003054 0.002306 0.001529 0.000859 0.000382 0.000847 0.000311 0.000277 0.000076 0.000073 0.000085 0.000046 0.000034 -0.000793 0.000556 0.000042 -0.000369 -0.000832
0.000898 0.003988 0.003042 0.002160 0.001352 0.000382 0.002621 0.001026 0.000440 0.000286 -0.000010 0.000088 0.000066 0.000015 0.000002 -0.001546 0.001421 0.001722 0.001471 0.001160
0.002233 0.003183 0.004177 0.003207 0.002511 0.000847 0.001026 0.003410 0.001587 0.000856 0.000086 0.000110 0.000163 0.000096 0.000063 -0.002386 -0.001284 0.000181 -0.000004 0.000172
-0.000090 0.000509 0.002051 0.003330 0.003521 0.000311 0.000440 0.001587 0.001745 0.001179 0.000009 0.000024 0.000084 0.000087 0.000116 0.000235 0.000989 0.001672 -0.000237 0.001068
-0.000188 0.000229 0.001211 0.002145 0.003841 0.000277 0.000286 0.000856 0.001179 0.003080 0.000014 0.000023 0.000055 0.000068 0.000161 0.000452 0.001177 0.001688 0.001575 -0.000630
0.000203 0.000194 0.000245 0.000134 0.000064 0.000076 -0.000010 0.000086 0.000009 0.000014 0.000006 0.000006 0.000008 0.000002 0.000003 -0.000042 0.000021 -0.000034 -0.000069 -0.000135
0.000219 0.000274 0.000310 0.000182 0.000110 0.000073 0.000088 0.000110 0.000024 0.000023 0.000006 0.000008 0.000010 0.000002 0.000003 -0.000108 -0.000009 0.000002 -0.000026 -0.000073
0.000253 0.000319 0.000346 0.000228 0.000176 0.000085 0.000066 0.000163 0.000084 0.000055 0.000008 0.000010 0.000014 0.000005 0.000004 -0.000132 -0.000049 0.000025 0.000026 0.000011
0.000080 0.000117 0.000218 0.000244 0.000264 0.000046 0.000015 0.000096 0.000087 0.000068 0.000002 0.000002 0.000005 0.000007 0.000010 -0.000040 0.000036 0.000074 -0.000035 0.000027
0.000019 0.000051 0.000144 0.000235 0.000267 0.000034 0.000002 0.000063 0.000116 0.000161 0.000003 0.000003 0.000004 0.000010 0.000011 -0.000076 -0.000002 0.000006 -0.000022 0.000019
0.001006 -0.001443 -0.003914 -0.002527 -0.002555 -0.000793 -0.001546 -0.002386 0.000235 0.000452 -0.000042 -0.000108 -0.000132 -0.000040 -0.000076 0.001096 0.003337 0.001096 -0.002285 -0.001903
0.001589 0.001235 -0.001217 -0.000164 -0.000332 0.000556 0.001421 -0.001284 0.000989 0.001177 0.000021 -0.000009 -0.000049 0.000036 -0.000002 0.003337 0.003319 0.001287 -0.001802 -0.001584
0.000221 0.000985 0.000492 0.001705 0.000969 0.000042 0.001722 0.000181 0.001672 0.001688 -0.000034 0.000002 0.000025 0.000074 0.000006 0.001096 0.001287 0.003365 0.001310 0.001591
-0.001285 -0.000076 0.000159 0.000468 0.001561 -0.000369 0.001471 -0.000004 -0.000237 0.001575 -0.000069 -0.000026 0.000026 -0.000035 -0.000022 -0.002285 -0.001802 0.001310 0.004636 0.003850
-0.003085 -0.001457 -0.000751 0.001178 0.000547 -0.000832 0.001160 0.000172 0.001068 -0.000630 -0.000135 -0.000073 0.000011 0.000027 0.000019 -0.001903 -0.001584 0.001591 0.003850 0.003504
# New time slice
0.008322 0.006002 0.006178 0.003052 -0.001085 0.003359 0.000183 0.002385 -0.000150 -0.001556 0.000268 0.000189 0.000201 0.000102 -0.000041 0.002184 0.001272 0.000033 -0.001508 -0.002655
0.006002 0.007818 0.008593 0.005705 0.001707 0.002790 0.001465 0.003556 0.000878 -0.000612 0.000153 0.000215 0.000274 0.000176 0.000033 -0.000235 0.001456 0.001339 0.000869 0.000199
0.006178 0.008593 0.007183 0.006514 0.003386 0.002916 0.002264 0.000265 0.001179 0.000036 0.000174 0.000224 0.000076 0.000175 0.000053 -0.004328 -0.002104 0.001144 0.000844 0.000184
0.003052 0.005705 0.006514 0.007055 0.006492 0.002160 0.001825 0.002238 0.001844 0.001312 0.000090 0.000153 0.000109 0.000158 0.000173 -0.003269 -0.000639 0.002503 0.000660 0.000985
-0.001085 0.001707 0.003386 0.006492 0.007550 0.000719 0.000862 0.002080 0.003302 0.002464 -0.000052 0.000035 0.000043 0.000195 0.000232 -0.003546 -0.000888 0.001629 0.001958 0.000492
0.003359 0.002790 0.002916 0.002160 0.000719 0.001755 0.000514 0.000948 0.000329 -0.000291 0.000115 0.000073 0.000074 0.000052 0.000004 0.001696 0.000635 0.000051 -0.000353 -0.000934
0.000183 0.001465 0.002264 0.001825 0.000862 0.000514 -0.001696 0.000598 0.000359 -0.000062 -0.000018 0.000008 0.000070 0.000060 0.000023 -0.000894 0.000872 0.000949 0.001482 0.001420
0.002385 0.003556 0.000265 0.002238 0.002080 0.000948 0.000598 -0.002302 0.000428 0.000341 0.000054 0.000089 -0.000131 0.000052 0.000027 -0.002804 -0.001780 0.001660 0.000995 0.000648
-0.000150 0.000878 0.001179 0.001844 0.003302 0.000329 0.000359 0.000428 0.000240 0.001111 0.000001 0.000027 0.000004 0.000032 0.000117 0.000305 0.001101 0.002613 -0.000530 0.000442
-0.001556 -0.000612 0.000036 0.001312 0.002464 -0.000291 -0.000062 0.000341 0.001111 0.001414 -0.000071 -0.000033 -0.000022 0.000046 0.000123 -0.000598 0.000268 0.001391 0.001398 -0.000814
0.000268 0.000153 0.000174 0.000090 -0.000052 0.000115 -0.000018 0.000054 0.000001 -0.000071 0.000006 0.000005 0.000007 0.000004 -0.000002 0.000028 0.000010 -0.000009 -0.000021 -0.000044
0.000189 0.000215 0.000224 0.000153 0.000035 0.000073 0.000008 0.000089 0.000027 -0.000033 0.000005 0.000004 0.000007 0.000004 -0.000000 -0.000089 -0.000019 -0.000001 0.000032 0.000030
0.000201 0.000274 0.000076 0.000109 0.000043 0.000074 0.000070 -0.000131 0.000004 -0.000022 0.000007 0.000007 -0.000004 0.000001 -0.000002 -0.000161 -0.000076 0.000081 0.000083 0.000078
0.000102 0.000176 0.000175 0.000158 0.000195 0.000052 0.000060 0.000052 0.000032 0.000046 0.000004 0.000004 0.000001 0.000003 0.000005 -0.000098 0.000007 0.000082 0.000053 0.000048
-0.000041 0.000033 0.000053 0.000173 0.000232 0.000004 0.000023 0.000027 0.000117 0.000123 -0.000002 -0.000000 -0.000002 0.000005 0.000008 -0.000212 -0.000103 -0.000046 -0.000016 -0.000002
0.002184 -0.000235 -0.004328 -0.003269 -0.003546 0.001696 -0.000894 -0.002804 0.000305 -0.000598 0.000028 -0.000089 -0.000161 -0.000098 -0.000212 0.004545 0.005318 0.002047 -0.001756 -0.002227
