0.005193 0.005129 0.005137 0.004351 0.004766 0.006142 0.002499 0.002352 0.002604 0.002404 0.000464 0.000296 0.000289 0.000275 0.000243 0.004019 0.003847 0.003761 0.003689 0.003646
0.005129 0.005294 0.005232 0.005433 0.005080 0.003634 0.005694 0.002586 0.002535 0.002387 0.000336 0.000459 0.000354 0.000342 0.000272 0.004053 0.004151 0.003882 0.003690 0.003649
0.005137 0.005232 0.005492 0.005387 0.005569 0.003267 0.003787 0.005958 0.002765 0.002527 0.000297 0.000355 0.000480 0.000355 0.000305 0.003943 0.003987 0.004152 0.003700 0.003811
0.004351 0.005433 0.005387 0.005610 0.005404 0.003230 0.003795 0.003773 0.006186 0.002716 0.000278 0.000315 0.000358 0.000566 0.000361 0.003947 0.003968 0.003856 0.003884 0.003832
0.004766 0.005080 0.005569 0.005404 0.005690 0.003260 0.003299 0.003309 0.003974 0.006081 0.000233 0.000274 0.000321 0.000401 0.000521 0.003960 0.003943 0.003930 0.003824 0.004075
0.006142 0.003634 0.003267 0.003230 0.003260 0.010153 0.002067 0.001500 0.001225 0.001078 0.000478 0.000203 0.000164 0.000151 0.000137 0.002705 0.002435 0.002485 0.002610 0.002588
0.002499 0.005694 0.003787 0.003795 0.003299 0.002067 0.010141 0.002036 0.001524 0.001192 0.000157 0.000532 0.000213 0.000169 0.000148 0.002441 0.002925 0.002675 0.002682 0.002666
0.002352 0.002586 0.005958 0.003773 0.003309 0.001500 0.002036 0.009572 0.002136 0.001514 0.000113 0.000143 0.000553 0.000217 0.000168 0.002690 0.002690 0.002746 0.002477 0.002532
0.002604 0.002535 0.002765 0.006186 0.003974 0.001225 0.001524 0.002136 0.009693 0.002179 0.000107 0.000118 0.000154 0.000636 0.000262 0.002783 0.002729 0.002669 0.002661 0.002433
0.002404 0.002387 0.002527 0.002716 0.006081 0.001078 0.001192 0.001514 0.002179 0.010445 0.000105 0.000124 0.000136 0.000186 0.000600 0.002557 0.002496 0.002482 0.002411 0.002873
0.000464 0.000336 0.000297 0.000278 0.000233 0.000478 0.000157 0.000113 0.000107 0.000105 0.000063 0.000031 0.000028 0.000026 0.000020 0.000201 0.000186 0.000183 0.000187 0.000190
0.000296 0.000459 0.000355 0.000315 0.000274 0.000203 0.000532 0.000143 0.000118 0.000124 0.000031 0.000061 0.000033 0.000030 0.000024 0.000178 0.000183 0.000168 0.000165 0.000165
0.000289 0.000354 0.000480 0.000358 0.000321 0.000164 0.000213 0.000553 0.000154 0.000136 0.000028 0.000033 0.000061 0.000035 0.000028 0.000180 0.000178 0.000190 0.000167 0.000167
0.000275 0.000342 0.000355 0.000566 0.000401 0.000151 0.000169 0.000217 0.000636 0.000186 0.000026 0.000030 0.000035 0.000103 0.000045 0.000191 0.000180 0.000183 0.000189 0.000169
0.000243 0.000272 0.000305 0.000361 0.000521 0.000137 0.000148 0.000168 0.000262 0.000600 0.000020 0.000024 0.000028 0.000045 0.000082 0.000187 0.000180 0.000189 0.000174 0.000203
0.004019 0.004053 0.003943 0.003947 0.003960 0.002705 0.002441 0.002690 0.002783 0.002557 0.000201 0.000178 0.000180 0.000191 0.000187 0.006862 0.007582 0.006085 0.005670 0.006300
0.003847 0.004151 0.003987 0.003968 0.003943 0.002435 0.002925 0.002690 0.002729 0.002496 0.000186 0.000183 0.000178 0.000180 0.000180 0.007582 0.006920 0.007579 0.006225 0.005880
0.003761 0.003882 0.004152 0.003856 0.003930 0.002485 0.002675 0.002746 0.002669 0.002482 0.000183 0.000168 0.000190 0.000183 0.000189 0.006085 0.007579 0.007298 0.007503 0.006477
0.003689 0.003690 0.003700 0.003884 0.003824 0.002610 0.002682 0.002477 0.002661 0.002411 0.000187 0.000165 0.000167 0.000189 0.000174 0.005670 0.006225 0.007503 0.007321 0.007499
0.003646 0.003649 0.003811 0.003832 0.004075 0.002588 0.002666 0.002532 0.002433 0.002873 0.000190 0.000165 0.000167 0.000169 0.000203 0.006300 0.005880 0.006477 0.007499 0.007081
# New time slice
0.004691 0.004069 0.004183 0.004156 0.003896 0.002695 0.002083 0.002088 0.002318 0.002198 0.000234 0.000206 0.000229 0.000234 0.000188 0.003644 0.003554 0.003561 0.003385 0.003366
0.004069 0.004741 0.004248 0.004126 0.004111 0.002291 0.002605 0.002098 0.002391 0.002312 0.000211 0.000229 0.000244 0.000254 0.000222 0.003564 0.003628 0.003592 0.003430 0.003457
0.004183 0.004248 0.004995 0.004432 0.004283 0.002233 0.002585 0.002856 0.002378 0.002325 0.000209 0.000233 0.000262 0.000262 0.000224 0.003525 0.003659 0.003639 0.003404 0.003542
0.004156 0.004126 0.004432 0.005064 0.004463 0.002332 0.002467 0.002465 0.003002 0.002283 0.000200 0.000224 0.000250 0.000287 0.000241 0.003485 0.003551 0.003563 0.003684 0.003507
0.003896 0.004111 0.004283 0.004463 0.004965 0.002220 0.002441 0.002305 0.002585 0.002871 0.000184 0.000204 0.000235 0.000253 0.000271 0.003516 0.003514 0.003462 0.003493 0.003677
0.002695 0.002291 0.002233 0.002332 0.002220 0.003570 0.001162 0.000871 0.000962 0.000865 0.000179 0.000108 0.000105 0.000113 0.000097 0.002324 0.002170 0.002238 0.002267 0.002269
0.002083 0.002605 0.002585 0.002467 0.002441 0.001162 0.003443 0.001229 0.001060 0.000994 0.000089 0.000147 0.000113 0.000114 0.000111 0.002095 0.002240 0.002258 0.002316 0.002327
0.002088 0.002098 0.002856 0.002465 0.002305 0.000871 0.001229 0.003729 0.001190 0.000921 0.000080 0.000087 0.000181 0.000117 0.000101 0.002248 0.002259 0.002030 0.002049 0.002224
0.002318 0.002391 0.002378 0.003002 0.002585 0.000962 0.001060 0.001190 0.003762 0.001337 0.000098 0.000100 0.000106 0.000228 0.000125 0.002389 0.002397 0.002365 0.002192 0.002006
0.002198 0.002312 0.002325 0.002283 0.002871 0.000865 0.000994 0.000921 0.001337 0.003480 0.000094 0.000094 0.000101 0.000117 0.000198 0.001960 0.001962 0.001928 0.001893 0.002195
0.000234 0.000211 0.000209 0.000200 0.000184 0.000179 0.000089 0.000080 0.000098 0.000094 0.000015 0.000012 0.000013 0.000013 0.000010 0.000166 0.000162 0.000168 0.000164 0.000166
0.000206 0.000229 0.000233 0.000224 0.000204 0.000108 0.000147 0.000087 0.000100 0.000094 0.000012 0.000015 0.000015 0.000015 0.000012 0.000157 0.000155 0.000156 0.000151 0.000155
0.000229 0.000244 0.000262 0.000250 0.000235 0.000105 0.000113 0.000181 0.000106 0.000101 0.000013 0.000015 0.000017 0.000017 0.000014 0.000154 0.000153 0.000152 0.000141 0.000147
0.000234 0.000254 0.000262 0.000287 0.000253 0.000113 0.000114 0.000117 0.000228 0.000117 0.000013 0.000015 0.000017 0.000023 0.000016 0.000162 0.000154 0.000161 0.000174 0.000157
0.000188 0.000222 0.000224 0.000241 0.000271 0.000097 0.000111 0.000101 0.000125 0.000198 0.000010 0.000012 0.000014 0.000016 0.000019 0.000157 0.000152 0.000157 0.000150 0.000160
0.003644 0.003564 0.003525 0.003485 0.003516 0.002324 0.002095 0.002248 0.002389 0.001960 0.000166 0.000157 0.000154 0.000162 0.000157 0.006212 0.005436 0.005541 0.004820 0.004397
0.003554 0.003628 0.003659 0.003551 0.003514 0.002170 0.002240 0.002259 0.002397 0.001962 0.000162 0.000155 0.000153 0.000154 0.000152 0.005436 0.006204 0.005674 0.005206 0.005168
0.003561 0.003592 0.003639 0.003563 0.003462 0.002238 0.002258 0.002030 0.002365 0.001928 0.000168 0.000156 0.000152 0.000161 0.000157 0.005541 0.005674 0.006202 0.005712 0.005428
0.003385 0.003430 0.003404 0.003684 0.003493 0.002267 0.002316 0.002049 0.002192 0.001893 0.000164 0.000151 0.000141 0.000174 0.000150 0.004820 0.005206 0.005712 0.006406 0.005880
0.003366 0.003457 0.003542 0.003507 0.003677 0.002269 0.002327 0.002224 0.002006 0.002195 0.000166 0.000155 0.000147 0.000157 0.000160 0.004397 0.005168 0.005428 0.005880 0.006189
# New time slice
0.004510 0.003947 0.003704 0.003731 0.003699 0.002728 0.001999 0.001914 0.002077 0.001997 0.000214 0.000180 0.000196 0.000202 0.000180 0.003424 0.003362 0.003340 0.003060 0.003005
0.003947 0.004584 0.003957 0.003853 0.003819 0.002233 0.002807 0.001955 0.002126 0.002096 0.000186 0.000220 0.000212 0.000217 0.000201 0.003357 0.003410 0.003408 0.003222 0.003153
0.003704 0.003957 0.004601 0.004415 0.004403 0.002143 0.002282 0.002761 0.002174 0.002148 0.000199 0.000206 0.000235 0.000223 0.000204 0.003230 0.003295 0.003636 0.003244 0.003315
0.003731 0.003853 0.004415 0.004608 0.004361 0.002283 0.002121 0.002286 0.002593 0.002129 0.000190 0.000201 0.000215 0.000227 0.000211 0.003186 0.003182 0.003318 0.003539 0.003342
0.003699 0.003819 0.004403 0.004361 0.004693 0.002124 0.002132 0.002170 0.002291 0.002828 0.000176 0.000182 0.000199 0.000212 0.000239 0.003204 0.003217 0.003181 0.003286 0.003542
0.002728 0.002233 0.002143 0.002283 0.002124 0.003458 0.001115 0.000808 0.000842 0.000856 0.000170 0.000099 0.000096 0.000097 0.000094 0.002187 0.002075 0.002039 0.001959 0.001950
0.001999 0.002807 0.002282 0.002121 0.002132 0.001115 0.003627 0.001104 0.000917 0.000856 0.000085 0.000161 0.000096 0.000091 0.000089 0.002117 0.002084 0.002110 0.002107 0.002137
0.001914 0.001955 0.002761 0.002286 0.002170 0.000808 0.001104 0.003776 0.001139 0.000887 0.000077 0.000083 0.000189 0.000110 0.000095 0.001863 0.001784 0.002334 0.002055 0.002086
0.002077 0.002126 0.002174 0.002593 0.002291 0.000842 0.000917 0.001139 0.003348 0.001161 0.000083 0.000086 0.000096 0.000161 0.000116 0.002055 0.002011 0.002038 0.002178 0.002055
0.001997 0.002096 0.002148 0.002129 0.002828 0.000856 0.000856 0.000887 0.001161 0.003530 0.000080 0.000083 0.000085 0.000097 0.000179 0.001850 0.001831 0.001802 0.001771 0.002108
0.000214 0.000186 0.000199 0.000190 0.000176 0.000170 0.000085 0.000077 0.000083 0.000080 0.000014 0.000010 0.000010 0.000010 0.000008 0.000157 0.000155 0.000152 0.000146 0.000142
0.000180 0.000220 0.000206 0.000201 0.000182 0.000099 0.000161 0.000083 0.000086 0.000083 0.000010 0.000013 0.000011 0.000011 0.000009 0.000154 0.000156 0.000150 0.000146 0.000138
0.000196 0.000212 0.000235 0.000215 0.000199 0.000096 0.000096 0.000189 0.000096 0.000085 0.000010 0.000011 0.000016 0.000013 0.000010 0.000144 0.000141 0.000159 0.000138 0.000137
0.000202 0.000217 0.000223 0.000227 0.000212 0.000097 0.000091 0.000110 0.000161 0.000097 0.000010 0.000011 0.000013 0.000014 0.000012 0.000158 0.000154 0.000152 0.000156 0.000145
0.000180 0.000201 0.000204 0.000211 0.000239 0.000094 0.000089 0.000095 0.000116 0.000179 0.000008 0.000009 0.000010 0.000012 0.000015 0.000149 0.000146 0.000145 0.000144 0.000160
0.003424 0.003357 0.003230 0.003186 0.003204 0.002187 0.002117 0.001863 0.002055 0.001850 0.000157 0.000154 0.000144 0.000158 0.000149 0.005359 0.005147 0.004788 0.004273 0.003848
0.003362 0.003410 0.003295 0.003182 0.003217 0.002075 0.002084 0.001784 0.002011 0.001831 0.000155 0.000156 0.000141 0.000154 0.000146 0.005147 0.005472 0.005326 0.004482 0.004183
0.003340 0.003408 0.003636 0.003318 0.003181 0.002039 0.002110 0.002334 0.002038 0.001802 0.000152 0.000150 0.000159 0.000152 0.000145 0.004788 0.005326 0.005512 0.005177 0.004679
0.003060 0.003222 0.003244 0.003539 0.003286 0.001959 0.002107 0.002055 0.002178 0.001771 0.000146 0.000146 0.000138 0.000156 0.000144 0.004273 0.004482 0.005177 0.005525 0.004827
0.003005 0.003153 0.003315 0.003342 0.003542 0.001950 0.002137 0.002086 0.002055 0.002108 0.000142 0.000138 0.000137 0.000145 0.000160 0.003848 0.004183 0.004679 0.004827 0.005410
# New time slice
0.004090 0.003761 0.003426 0.003750 0.003576 0.002300 0.001811 0.001851 0.001966 0.001928 0.000188 0.000160 0.000173 0.000179 0.000159 0.003286 0.003268 0.003052 0.002798 0.002851
0.003761 0.004371 0.004143 0.004040 0.003860 0.001952 0.002755 0.001968 0.002018 0.002000 0.000164 0.000205 0.000185 0.000193 0.000173 0.003068 0.003223 0.003269 0.003045 0.003002
0.003426 0.004143 0.004364 0.004001 0.003849 0.001976 0.002271 0.002426 0.001970 0.001986 0.000170 0.000188 0.000205 0.000192 0.000177 0.002955 0.003103 0.003497 0.003203 0.003223
0.003750 0.004040 0.004001 0.004488 0.004075 0.002026 0.002181 0.001876 0.002634 0.002031 0.000166 0.000181 0.000185 0.000215 0.000183 0.002972 0.002977 0.003184 0.003301 0.003139
0.003576 0.003860 0.003849 0.004075 0.004442 0.001963 0.002091 0.001815 0.002165 0.002783 0.000156 0.000166 0.000164 0.000191 0.000215 0.002918 0.002928 0.002969 0.003046 0.003408
0.002300 0.001952 0.001976 0.002026 0.001963 0.002825 0.000944 0.000753 0.000760 0.000776 0.000141 0.000084 0.000083 0.000087 0.000082 0.001903 0.001941 0.001923 0.001840 0.001822
0.001811 0.002755 0.002271 0.002181 0.002091 0.000944 0.003500 0.001128 0.000849 0.000777 0.000075 0.000163 0.000094 0.000088 0.000081 0.001936 0.002082 0.002151 0.002173 0.002095
0.001851 0.001968 0.002426 0.001876 0.001815 0.000753 0.001128 0.003128 0.000920 0.000753 0.000071 0.000081 0.000145 0.000084 0.000077 0.001854 0.001845 0.002235 0.002096 0.002160
0.001966 0.002018 0.001970 0.002634 0.002165 0.000760 0.000849 0.000920 0.003125 0.001067 0.000076 0.000082 0.000083 0.000163 0.000092 0.002083 0.002050 0.002047 0.002068 0.001962
0.001928 0.002000 0.001986 0.002031 0.002783 0.000776 0.000777 0.000753 0.001067 0.003611 0.000079 0.000080 0.000080 0.000090 0.000175 0.001833 0.001754 0.001732 0.001687 0.002062
0.000188 0.000164 0.000170 0.000166 0.000156 0.000141 0.000075 0.000071 0.000076 0.000079 0.000012 0.000008 0.000008 0.000009 0.000007 0.000142 0.000137 0.000137 0.000136 0.000134
0.000160 0.000205 0.000188 0.000181 0.000166 0.000084 0.000163 0.000081 0.000082 0.000080 0.000008 0.000013 0.000010 0.000010 0.000008 0.000141 0.000142 0.000142 0.000146 0.000137
0.000173 0.000185 0.000205 0.000185 0.000164 0.000083 0.000094 0.000145 0.000083 0.000080 0.000008 0.000010 0.000012 0.000010 0.000009 0.000130 0.000131 0.000157 0.000145 0.000142
0.000179 0.000193 0.000192 0.000215 0.000191 0.000087 0.000088 0.000084 0.000163 0.000090 0.000009 0.000010 0.000010 0.000013 0.000009 0.000148 0.000147 0.000148 0.000147 0.000140
0.000159 0.000173 0.000177 0.000183 0.000215 0.000082 0.000081 0.000077 0.000092 0.000175 0.000007 0.000008 0.000009 0.000009 0.000013 0.000129 0.000125 0.000129 0.000133 0.000160
0.003286 0.003068 0.002955 0.002972 0.002918 0.001903 0.001936 0.001854 0.002083 0.001833 0.000142 0.000141 0.000130 0.000148 0.000129 0.004599 0.004520 0.004484 0.003661 0.003508
0.003268 0.003223 0.003103 0.002977 0.002928 0.001941 0.002082 0.001845 0.002050 0.001754 0.000137 0.000142 0.000131 0.000147 0.000125 0.004520 0.004714 0.004428 0.004024 0.003809
0.003052 0.003269 0.003497 0.003184 0.002969 0.001923 0.002151 0.002235 0.002047 0.001732 0.000137 0.000142 0.000157 0.000148 0.000129 0.004484 0.004428 0.004881 0.004301 0.004188
0.002798 0.003045 0.003203 0.003301 0.003046 0.001840 0.002173 0.002096 0.002068 0.001687 0.000136 0.000146 0.000145 0.000147 0.000133 0.003661 0.004024 0.004301 0.004735 0.004314
0.002851 0.003002 0.003223 0.003139 0.003408 0.001822 0.002095 0.002160 0.001962 0.002062 0.000134 0.000137 0.000142 0.000140 0.000160 0.003508 0.003809 0.004188 0.004314 0.004632
# New time slice
0.004002 0.003562 0.003220 0.003441 0.003265 0.002385 0.001712 0.001772 0.001779 0.001702 0.000174 0.000146 0.000153 0.000150 0.000136 0.003206 0.003242 0.003116 0.002846 0.002792
0.003562 0.003966 0.003723 0.003617 0.003432 0.001856 0.002474 0.001819 0.001828 0.001769 0.000148 0.000178 0.000167 0.000162 0.000148 0.002902 0.003208 0.003185 0.003049 0.002975
0.003220 0.003723 0.004032 0.003727 0.003546 0.001828 0.002034 0.002348 0.001815 0.001782 0.000154 0.000163 0.000182 0.000166 0.000151 0.002805 0.002936 0.003203 0.003002 0.002942
0.003441 0.003617 0.003727 0.004255 0.003780 0.001931 0.001955 0.001889 0.002549 0.001877 0.000155 0.000160 0.000163 0.000210 0.000163 0.002758 0.002924 0.002947 0.003045 0.002759
0.003265 0.003432 0.003546 0.003780 0.004073 0.001854 0.001912 0.001834 0.002120 0.002417 0.000144 0.000149 0.000153 0.000177 0.000192 0.002700 0.002845 0.002853 0.003021 0.003288
0.002385 0.001856 0.001828 0.001931 0.001854 0.002894 0.000924 0.000746 0.000699 0.000708 0.000145 0.000071 0.000068 0.000071 0.000068 0.002061 0.001993 0.001930 0.001840 0.001824
0.001712 0.002474 0.002034 0.001955 0.001912 0.000924 0.003373 0.001035 0.000770 0.000726 0.000076 0.000156 0.000086 0.000077 0.000073 0.001825 0.002055 0.002148 0.002181 0.002159
0.001772 0.001819 0.002348 0.001889 0.001834 0.000746 0.001035 0.003153 0.000947 0.000708 0.000068 0.000073 0.000152 0.000086 0.000076 0.001807 0.001813 0.002172 0.001929 0.001943
0.001779 0.001828 0.001815 0.002549 0.002120 0.000699 0.000770 0.000947 0.003177 0.001084 0.000072 0.000073 0.000073 0.000181 0.000101 0.001906 0.001925 0.001805 0.001918 0.001708
0.001702 0.001769 0.001782 0.001877 0.002417 0.000708 0.000726 0.000708 0.001084 0.003100 0.000072 0.000072 0.000074 0.000091 0.000158 0.001799 0.001802 0.001753 0.001833 0.002167
0.000174 0.000148 0.000154 0.000155 0.000144 0.000145 0.000076 0.000068 0.000072 0.000072 0.000010 0.000006 0.000007 0.000007 0.000006 0.000148 0.000146 0.000143 0.000135 0.000128
0.000146 0.000178 0.000163 0.000160 0.000149 0.000071 0.000156 0.000073 0.000073 0.000072 0.000006 0.000011 0.000008 0.000008 0.000007 0.000122 0.000142 0.000145 0.000142 0.000135
0.000153 0.000167 0.000182 0.000163 0.000153 0.000068 0.000086 0.000152 0.000073 0.000074 0.000007 0.000008 0.000012 0.000008 0.000007 0.000124 0.000128 0.000145 0.000136 0.000133
0.000150 0.000162 0.000166 0.000210 0.000177 0.000071 0.000077 0.000086 0.000181 0.000091 0.000007 0.000008 0.000008 0.000015 0.000008 0.000145 0.000149 0.000145 0.000143 0.000133
0.000136 0.000148 0.000151 0.000163 0.000192 0.000068 0.000073 0.000076 0.000101 0.000158 0.000006 0.000007 0.000007 0.000008 0.000013 0.000132 0.000137 0.000135 0.000139 0.000159
0.003206 0.002902 0.002805 0.002758 0.002700 0.002061 0.001825 0.001807 0.001906 0.001799 0.000148 0.000122 0.000124 0.000145 0.000132 0.004410 0.004192 0.004166 0.003802 0.003655
0.003242 0.003208 0.002936 0.002924 0.002845 0.001993 0.002055 0.001813 0.001925 0.001802 0.000146 0.000142 0.000128 0.000149 0.000137 0.004192 0.004637 0.004310 0.004031 0.003832
0.003116 0.003185 0.003203 0.002947 0.002853 0.001930 0.002148 0.002172 0.001805 0.001753 0.000143 0.000145 0.000145 0.000145 0.000135 0.004166 0.004310 0.004557 0.004129 0.004038
0.002846 0.003049 0.003002 0.003045 0.003021 0.001840 0.002181 0.001929 0.001918 0.001833 0.000135 0.000142 0.000136 0.000143 0.000139 0.003802 0.004031 0.004129 0.004516 0.004144
0.002792 0.002975 0.002942 0.002759 0.003288 0.001824 0.002159 0.001943 0.001708 0.002167 0.000128 0.000135 0.000133 0.000133 0.000159 0.003655 0.003832 0.004038 0.004144 0.004368
# New time slice
0.003866 0.003446 0.003363 0.003247 0.003134 0.002238 0.001590 0.001620 0.001739 0.001703 0.000167 0.000146 0.000148 0.000144 0.000140 0.003103 0.003115 0.003022 0.002766 0.002723
0.003446 0.003952 0.003656 0.003451 0.003352 0.001862 0.002437 0.001676 0.001767 0.001800 0.000146 0.000186 0.000158 0.000152 0.000145 0.002894 0.003214 0.003026 0.002757 0.002710
0.003363 0.003656 0.004015 0.003569 0.003430 0.001846 0.001987 0.002503 0.001779 0.001795 0.000150 0.000159 0.000181 0.000158 0.000147 0.002836 0.002901 0.003195 0.002813 0.002758
0.003247 0.003451 0.003569 0.004123 0.003706 0.001834 0.001916 0.001810 0.002589 0.001834 0.000148 0.000151 0.000153 0.000200 0.000158 0.002741 0.002856 0.002896 0.003155 0.002825
0.003134 0.003352 0.003430 0.003706 0.004158 0.001784 0.001892 0.001666 0.002139 0.002649 0.000141 0.000143 0.000145 0.000175 0.000191 0.002715 0.002900 0.002861 0.003056 0.002920
0.002238 0.001862 0.001846 0.001834 0.001784 0.002902 0.000888 0.000710 0.000687 0.000695 0.000138 0.000080 0.000074 0.000072 0.000070 0.001971 0.001937 0.001912 0.001875 0.001884
0.001590 0.002437 0.001987 0.001916 0.001892 0.000888 0.003340 0.001003 0.000771 0.000736 0.000072 0.000157 0.000080 0.000072 0.000068 0.001779 0.002123 0.001963 0.002013 0.002022
0.001620 0.001676 0.002503 0.001810 0.001666 0.000710 0.001003 0.003326 0.000947 0.000705 0.000064 0.000072 0.000147 0.000080 0.000069 0.001717 0.001718 0.002135 0.001909 0.001918
0.001739 0.001767 0.001779 0.002589 0.002139 0.000687 0.000771 0.000947 0.003348 0.001025 0.000071 0.000071 0.000072 0.000177 0.000101 0.001794 0.001787 0.001749 0.002090 0.001756
0.001703 0.001800 0.001795 0.001834 0.002649 0.000695 0.000736 0.000705 0.001025 0.003462 0.000078 0.000083 0.000083 0.000094 0.000175 0.001748 0.001818 0.001808 0.001894 0.001810
0.000167 0.000146 0.000150 0.000148 0.000141 0.000138 0.000072 0.000064 0.000071 0.000078 0.000010 0.000007 0.000007 0.000007 0.000006 0.000133 0.000126 0.000128 0.000124 0.000123
0.000146 0.000186 0.000159 0.000151 0.000143 0.000080 0.000157 0.000072 0.000071 0.000083 0.000007 0.000014 0.000008 0.000007 0.000006 0.000120 0.000140 0.000127 0.000125 0.000119
0.000148 0.000158 0.000181 0.000153 0.000145 0.000074 0.000080 0.000147 0.000072 0.000083 0.000007 0.000008 0.000010 0.000007 0.000007 0.000120 0.000123 0.000137 0.000123 0.000119
0.000144 0.000152 0.000158 0.000200 0.000175 0.000072 0.000072 0.000080 0.000177 0.000094 0.000007 0.000007 0.000007 0.000012 0.000008 0.000142 0.000144 0.000144 0.000147 0.000131
0.000140 0.000145 0.000147 0.000158 0.000191 0.000070 0.000068 0.000069 0.000101 0.000175 0.000006 0.000006 0.000007 0.000008 0.000013 0.000127 0.000134 0.000130 0.000140 0.000131
0.003103 0.002894 0.002836 0.002741 0.002715 0.001971 0.001779 0.001717 0.001794 0.001748 0.000133 0.000120 0.000120 0.000142 0.000127 0.004270 0.004040 0.003828 0.003720 0.003525
0.003115 0.003214 0.002901 0.002856 0.002900 0.001937 0.002123 0.001718 0.001787 0.001818 0.000126 0.000140 0.000123 0.000144 0.000134 0.004040 0.004346 0.004112 0.004046 0.003841
0.003022 0.003026 0.003195 0.002896 0.002861 0.001912 0.001963 0.002135 0.001749 0.001808 0.000128 0.000127 0.000137 0.000144 0.000130 0.003828 0.004112 0.004531 0.004078 0.003866
0.002766 0.002757 0.002813 0.003155 0.003056 0.001875 0.002013 0.001909 0.002090 0.001894 0.000124 0.000125 0.000123 0.000147 0.000140 0.003720 0.004046 0.004078 0.004439 0.004034
0.002723 0.002710 0.002758 0.002825 0.002920 0.001884 0.002022 0.001918 0.001756 0.001810 0.000123 0.000119 0.000119 0.000131 0.000131 0.003525 0.003841 0.003866 0.004034 0.004354
# New time slice
0.003806 0.003398 0.003284 0.003103 0.003078 0.002384 0.001615 0.001675 0.001654 0.001755 0.000175 0.000131 0.000137 0.000139 0.000134 0.002975 0.003026 0.002935 0.002779 0.002879
0.003398 0.003951 0.003500 0.003041 0.003140 0.001817 0.002635 0.001665 0.001571 0.001819 0.000140 0.000168 0.000141 0.000136 0.000136 0.002867 0.002971 0.002844 0.002714 0.002790
0.003284 0.003500 0.003912 0.003416 0.003314 0.001683 0.002033 0.002336 0.001623 0.001839 0.000142 0.000152 0.000177 0.000152 0.000141 0.002903 0.002815 0.003086 0.002814 0.002875
0.003103 0.003041 0.003416 0.004503 0.003864 0.001650 0.001832 0.001810 0.002899 0.001919 0.000136 0.000138 0.000147 0.000214 0.000152 0.002712 0.002648 0.002838 0.002950 0.002789
0.003078 0.003140 0.003314 0.003864 0.004339 0.001621 0.001784 0.001700 0.002257 0.002752 0.000141 0.000142 0.000144 0.000188 0.000196 0.002833 0.002843 0.002751 0.002818 0.003050
0.002384 0.001817 0.001683 0.001650 0.001621 0.003126 0.000926 0.000692 0.000649 0.000704 0.000159 0.000076 0.000070 0.000066 0.000067 0.002055 0.001959 0.002007 0.001974 0.001968
0.001615 0.002635 0.002033 0.001832 0.001784 0.000926 0.003488 0.001013 0.000731 0.000729 0.000072 0.000156 0.000081 0.000067 0.000065 0.001794 0.001880 0.001842 0.001917 0.002004
0.001675 0.001665 0.002336 0.001810 0.001700 0.000692 0.001013 0.002969 0.000917 0.000735 0.000067 0.000072 0.000150 0.000075 0.000065 0.001767 0.001719 0.002084 0.001837 0.001894
0.001654 0.001571 0.001623 0.002899 0.002257 0.000649 0.000731 0.000917 0.003717 0.001108 0.000066 0.000063 0.000073 0.000202 0.000096 0.001843 0.001845 0.001814 0.001791 0.001649
0.001755 0.001819 0.001839 0.001919 0.002752 0.000704 0.000729 0.000735 0.001108 0.003493 0.000080 0.000085 0.000084 0.000097 0.000193 0.001753 0.001764 0.001660 0.001667 0.001990
0.000175 0.000140 0.000142 0.000136 0.000141 0.000159 0.000072 0.000067 0.000066 0.000080 0.000013 0.000007 0.000007 0.000006 0.000006 0.000141 0.000132 0.000130 0.000129 0.000129
0.000131 0.000168 0.000152 0.000138 0.000142 0.000076 0.000156 0.000072 0.000063 0.000085 0.000007 0.000011 0.000007 0.000006 0.000007 0.000124 0.000132 0.000128 0.000129 0.000129
0.000137 0.000141 0.000177 0.000147 0.000144 0.000070 0.000081 0.000150 0.000073 0.000084 0.000007 0.000007 0.000011 0.000007 0.000007 0.000132 0.000130 0.000130 0.000124 0.000124
0.000139 0.000136 0.000152 0.000214 0.000188 0.000066 0.000067 0.000075 0.000202 0.000097 0.000006 0.000006 0.000007 0.000017 0.000009 0.000143 0.000142 0.000141 0.000132 0.000120
0.000134 0.000136 0.000141 0.000152 0.000196 0.000067 0.000065 0.000065 0.000096 0.000193 0.000006 0.000007 0.000007 0.000009 0.000015 0.000136 0.000135 0.000126 0.000130 0.000142
0.002975 0.002867 0.002903 0.002712 0.002833 0.002055 0.001794 0.001767 0.001843 0.001753 0.000141 0.000124 0.000132 0.000143 0.000136 0.004487 0.004121 0.003886 0.003706 0.003377
0.003026 0.002971 0.002815 0.002648 0.002843 0.001959 0.001880 0.001719 0.001845 0.001764 0.000132 0.000132 0.000130 0.000142 0.000135 0.004121 0.004527 0.004188 0.003920 0.003631
0.002935 0.002844 0.003086 0.002838 0.002751 0.002007 0.001842 0.002084 0.001814 0.001660 0.000130 0.000128 0.000130 0.000141 0.000126 0.003886 0.004188 0.004519 0.004041 0.003787
0.002779 0.002714 0.002814 0.002950 0.002818 0.001974 0.001917 0.001837 0.001791 0.001667 0.000129 0.000129 0.000124 0.000132 0.000130 0.003706 0.003920 0.004041 0.004670 0.004208
0.002879 0.002790 0.002875 0.002789 0.003050 0.001968 0.002004 0.001894 0.001649 0.001990 0.000129 0.000129 0.000124 0.000120 0.000142 0.003377 0.003631 0.003787 0.004208 0.004340
# New time slice
0.003848 0.003470 0.003148 0.003074 0.003111 0.002396 0.001602 0.001647 0.001665 0.001828 0.000156 0.000126 0.000124 0.000123 0.000129 0.002938 0.003056 0.003166 0.002822 0.002914
0.003470 0.004130 0.003635 0.003320 0.003186 0.001931 0.002545 0.001706 0.001672 0.001836 0.000129 0.000167 0.000140 0.000135 0.000133 0.003019 0.003092 0.003071 0.002843 0.002935
0.003148 0.003635 0.003998 0.003648 0.003359 0.001794 0.002145 0.002464 0.001671 0.001828 0.000126 0.000147 0.000161 0.000143 0.000136 0.002979 0.002829 0.002985 0.002696 0.002770
0.003074 0.003320 0.003648 0.004435 0.003779 0.001771 0.002018 0.001940 0.002567 0.001890 0.000126 0.000138 0.000141 0.000193 0.000143 0.002791 0.002728 0.002891 0.003025 0.002749
0.003111 0.003186 0.003359 0.003779 0.004088 0.001763 0.001901 0.001733 0.001962 0.002527 0.000129 0.000134 0.000132 0.000150 0.000173 0.003001 0.002897 0.002873 0.002959 0.003211
0.002396 0.001931 0.001794 0.001771 0.001763 0.003350 0.000988 0.000719 0.000653 0.000737 0.000156 0.000077 0.000065 0.000062 0.000065 0.001920 0.001875 0.001931 0.001892 0.001898
0.001602 0.002545 0.002145 0.002018 0.001901 0.000988 0.003306 0.001063 0.000809 0.000745 0.000070 0.000147 0.000082 0.000072 0.000069 0.001963 0.001971 0.001926 0.001903 0.001934
0.001647 0.001706 0.002464 0.001940 0.001733 0.000719 0.001063 0.003444 0.000929 0.000716 0.000063 0.000070 0.000150 0.000079 0.000065 0.001841 0.001769 0.001896 0.001717 0.001798
0.001665 0.001672 0.001671 0.002567 0.001962 0.000653 0.000809 0.000929 0.003321 0.001004 0.000064 0.000063 0.000066 0.000164 0.000080 0.001892 0.001882 0.001861 0.001939 0.001737
0.001828 0.001836 0.001828 0.001890 0.002527 0.000737 0.000745 0.000716 0.001004 0.003143 0.000075 0.000076 0.000076 0.000086 0.000159 0.001818 0.001856 0.001792 0.001813 0.002188
0.000156 0.000129 0.000126 0.000126 0.000129 0.000156 0.000070 0.000063 0.000064 0.000075 0.000010 0.000005 0.000005 0.000005 0.000006 0.000130 0.000125 0.000133 0.000128 0.000126
0.000126 0.000167 0.000147 0.000138 0.000134 0.000077 0.000147 0.000070 0.000063 0.000076 0.000005 0.000010 0.000006 0.000006 0.000006 0.000131 0.000142 0.000136 0.000134 0.000134
0.000124 0.000140 0.000161 0.000141 0.000132 0.000065 0.000082 0.000150 0.000066 0.000076 0.000005 0.000006 0.000009 0.000006 0.000006 0.000132 0.000128 0.000142 0.000131 0.000129
0.000123 0.000135 0.000143 0.000193 0.000150 0.000062 0.000072 0.000079 0.000164 0.000086 0.000005 0.000006 0.000006 0.000011 0.000007 0.000141 0.000139 0.000142 0.000147 0.000132
0.000129 0.000133 0.000136 0.000143 0.000173 0.000065 0.000069 0.000065 0.000080 0.000159 0.000006 0.000006 0.000006 0.000007 0.000010 0.000141 0.000137 0.000132 0.000132 0.000142
0.002938 0.003019 0.002979 0.002791 0.003001 0.001920 0.001963 0.001841 0.001892 0.001818 0.000130 0.000131 0.000132 0.000141 0.000141 0.004442 0.004216 0.004085 0.003782 0.003397
0.003056 0.003092 0.002829 0.002728 0.002897 0.001875 0.001971 0.001769 0.001882 0.001856 0.000125 0.000142 0.000128 0.000139 0.000137 0.004216 0.004625 0.004335 0.004008 0.003708
0.003166 0.003071 0.002985 0.002891 0.002873 0.001931 0.001926 0.001896 0.001861 0.001792 0.000133 0.000136 0.000142 0.000142 0.000132 0.004085 0.004335 0.004770 0.004162 0.003841
0.002822 0.002843 0.002696 0.003025 0.002959 0.001892 0.001903 0.001717 0.001939 0.001813 0.000128 0.000134 0.000131 0.000147 0.000132 0.003782 0.004008 0.004162 0.004625 0.004279
0.002914 0.002935 0.002770 0.002749 0.003211 0.001898 0.001934 0.001798 0.001737 0.002188 0.000126 0.000134 0.000129 0.000132 0.000142 0.003397 0.003708 0.003841 0.004279 0.004575
# New time slice
0.004146 0.003641 0.003199 0.003134 0.003073 0.002453 0.001658 0.001710 0.001714 0.001882 0.000166 0.000126 0.000122 0.000132 0.000126 0.003109 0.002942 0.003086 0.002916 0.002976
0.003641 0.004378 0.003771 0.003427 0.003254 0.001874 0.002489 0.001770 0.001801 0.001976 0.000137 0.000170 0.000138 0.000140 0.000135 0.003081 0.002970 0.002895 0.002766 0.002892
0.003199 0.003771 0.004383 0.004014 0.003564 0.001751 0.002199 0.002342 0.001817 0.002021 0.000132 0.000151 0.000180 0.000152 0.000144 0.003083 0.002930 0.003162 0.002705 0.002830
0.003134 0.003427 0.004014 0.004647 0.004014 0.001732 0.002051 0.001938 0.002669 0.002036 0.000132 0.000142 0.000151 0.000212 0.000156 0.002955 0.002900 0.002908 0.003151 0.002982
0.003073 0.003254 0.003564 0.004014 0.004398 0.001718 0.001893 0.001778 0.002084 0.002527 0.000132 0.000138 0.000141 0.000176 0.000185 0.003048 0.002996 0.002940 0.003125 0.003263
0.002453 0.001874 0.001751 0.001732 0.001718 0.003139 0.000914 0.000698 0.000650 0.000727 0.000152 0.000075 0.000063 0.000063 0.000063 0.002199 0.001921 0.001975 0.001974 0.001962
0.001658 0.002489 0.002199 0.002051 0.001893 0.000914 0.003271 0.001087 0.000876 0.000777 0.000071 0.000151 0.000082 0.000071 0.000068 0.001853 0.001967 0.001790 0.001843 0.001932
0.001710 0.001770 0.002342 0.001938 0.001778 0.000698 0.001087 0.003044 0.000932 0.000725 0.000069 0.000076 0.000149 0.000078 0.000066 0.001796 0.001693 0.002018 0.001708 0.001766
0.001714 0.001801 0.001817 0.002669 0.002084 0.000650 0.000876 0.000932 0.003169 0.001010 0.000063 0.000070 0.000071 0.000186 0.000098 0.001838 0.001840 0.001772 0.002046 0.001985
0.001882 0.001976 0.002021 0.002036 0.002527 0.000727 0.000777 0.000725 0.001010 0.003156 0.000077 0.000079 0.000077 0.000091 0.000153 0.001924 0.001926 0.001887 0.001906 0.002030
0.000166 0.000137 0.000132 0.000132 0.000132 0.000152 0.000071 0.000069 0.000063 0.000077 0.000011 0.000005 0.000005 0.000007 0.000006 0.000148 0.000136 0.000143 0.000141 0.000143
0.000126 0.000170 0.000151 0.000142 0.000138 0.000075 0.000151 0.000076 0.000070 0.000079 0.000005 0.000009 0.000006 0.000006 0.000006 0.000134 0.000145 0.000128 0.000129 0.000133
0.000122 0.000138 0.000180 0.000151 0.000141 0.000063 0.000082 0.000149 0.000071 0.000077 0.000005 0.000006 0.000013 0.000007 0.000006 0.000127 0.000126 0.000141 0.000133 0.000135
0.000132 0.000140 0.000152 0.000212 0.000176 0.000063 0.000071 0.000078 0.000186 0.000091 0.000007 0.000006 0.000007 0.000013 0.000008 0.000147 0.000148 0.000142 0.000153 0.000153
0.000126 0.000135 0.000144 0.000156 0.000185 0.000063 0.000068 0.000066 0.000098 0.000153 0.000006 0.000006 0.000006 0.000008 0.000009 0.000146 0.000141 0.000135 0.000134 0.000148
0.003109 0.003081 0.003083 0.002955 0.003048 0.002199 0.001853 0.001796 0.001838 0.001924 0.000148 0.000134 0.000127 0.000147 0.000146 0.004549 0.004135 0.004218 0.003668 0.003488
0.002942 0.002970 0.002930 0.002900 0.002996 0.001921 0.001967 0.001693 0.001840 0.001926 0.000136 0.000145 0.000126 0.000148 0.000141 0.004135 0.004452 0.004339 0.004053 0.003770
0.003086 0.002895 0.003162 0.002908 0.002940 0.001975 0.001790 0.002018 0.001772 0.001887 0.000143 0.000128 0.000141 0.000142 0.000135 0.004218 0.004339 0.004867 0.004114 0.003878
0.002916 0.002766 0.002705 0.003151 0.003125 0.001974 0.001843 0.001708 0.002046 0.001906 0.000141 0.000129 0.000133 0.000153 0.000134 0.003668 0.004053 0.004114 0.004716 0.004152
0.002976 0.002892 0.002830 0.002982 0.003263 0.001962 0.001932 0.001766 0.001985 0.002030 0.000143 0.000133 0.000135 0.000153 0.000148 0.003488 0.003770 0.003878 0.004152 0.004569
# New time slice
0.004490 0.003840 0.003412 0.003309 0.003283 0.002667 0.001813 0.001681 0.001735 0.001972 0.000188 0.000140 0.000131 0.000130 0.000139 0.003021 0.002769 0.003012 0.002912 0.002949
0.003840 0.004679 0.004011 0.003728 0.003635 0.002090 0.003005 0.001873 0.001827 0.002084 0.000152 0.000189 0.000146 0.000141 0.000149 0.002950 0.002891 0.002974 0.002844 0.002824
0.003412 0.004011 0.004466 0.004134 0.003962 0.001913 0.002332 0.002355 0.001844 0.002151 0.000137 0.000160 0.000165 0.000146 0.000161 0.003038 0.002915 0.003307 0.002841 0.002706
0.003309 0.003728 0.004134 0.004720 0.004300 0.001867 0.002141 0.001988 0.002757 0.002207 0.000133 0.000148 0.000146 0.000203 0.000175 0.003102 0.003067 0.003070 0.003119 0.002832
0.003283 0.003635 0.003962 0.004300 0.004881 0.001859 0.002042 0.001886 0.002286 0.003056 0.000131 0.000142 0.000147 0.000180 0.000208 0.003164 0.003171 0.003108 0.003065 0.003266
0.002667 0.002090 0.001913 0.001867 0.001859 0.003423 0.001029 0.000714 0.000692 0.000818 0.000191 0.000086 0.000073 0.000069 0.000074 0.002110 0.001841 0.001883 0.001908 0.001928
0.001813 0.003005 0.002332 0.002141 0.002042 0.001029 0.003630 0.001157 0.000838 0.000829 0.000079 0.000175 0.000087 0.000075 0.000073 0.001875 0.001963 0.001858 0.001851 0.001890
0.001681 0.001873 0.002355 0.001988 0.001886 0.000714 0.001157 0.002922 0.000937 0.000771 0.000066 0.000078 0.000133 0.000080 0.000073 0.001838 0.001796 0.002203 0.001757 0.001724
0.001735 0.001827 0.001844 0.002757 0.002286 0.000692 0.000838 0.000937 0.003318 0.001129 0.000066 0.000068 0.000070 0.000190 0.000101 0.001987 0.001947 0.001891 0.002046 0.001872
0.001972 0.002084 0.002151 0.002207 0.003056 0.000818 0.000829 0.000771 0.001129 0.003673 0.000080 0.000080 0.000082 0.000097 0.000186 0.001979 0.002009 0.001932 0.001871 0.002159
0.000188 0.000152 0.000137 0.000133 0.000131 0.000191 0.000079 0.000066 0.000066 0.000080 0.000013 0.000006 0.000006 0.000006 0.000006 0.000136 0.000131 0.000138 0.000143 0.000139
0.000140 0.000189 0.000160 0.000148 0.000142 0.000086 0.000175 0.000078 0.000068 0.000080 0.000006 0.000010 0.000006 0.000006 0.000006 0.000127 0.000135 0.000128 0.000130 0.000132
0.000131 0.000146 0.000165 0.000146 0.000147 0.000073 0.000087 0.000133 0.000070 0.000082 0.000006 0.000006 0.000009 0.000006 0.000006 0.000134 0.000133 0.000152 0.000139 0.000132
0.000130 0.000141 0.000146 0.000203 0.000180 0.000069 0.000075 0.000080 0.000190 0.000097 0.000006 0.000006 0.000006 0.000017 0.000009 0.000153 0.000154 0.000147 0.000154 0.000134
0.000139 0.000149 0.000161 0.000175 0.000208 0.000074 0.000073 0.000073 0.000101 0.000186 0.000006 0.000006 0.000006 0.000009 0.000012 0.000152 0.000156 0.000147 0.000147 0.000153
0.003021 0.002950 0.003038 0.003102 0.003164 0.002110 0.001875 0.001838 0.001987 0.001979 0.000136 0.000127 0.000134 0.000153 0.000152 0.004920 0.004315 0.004365 0.003849 0.003561
0.002769 0.002891 0.002915 0.003067 0.003171 0.001841 0.001963 0.001796 0.001947 0.002009 0.000131 0.000135 0.000133 0.000154 0.000156 0.004315 0.004839 0.004696 0.004290 0.004018
0.003012 0.002974 0.003307 0.003070 0.003108 0.001883 0.001858 0.002203 0.001891 0.001932 0.000138 0.000128 0.000152 0.000147 0.000147 0.004365 0.004696 0.004961 0.004426 0.004073
0.002912 0.002844 0.002841 0.003119 0.003065 0.001908 0.001851 0.001757 0.002046 0.001871 0.000143 0.000130 0.000139 0.000154 0.000147 0.003849 0.004290 0.004426 0.004932 0.004421
0.002949 0.002824 0.002706 0.002832 0.003266 0.001928 0.001890 0.001724 0.001872 0.002159 0.000139 0.000132 0.000132 0.000134 0.000153 0.003561 0.004018 0.004073 0.004421 0.004830
# New time slice
0.004341 0.003938 0.003458 0.003335 0.003385 0.002436 0.001914 0.001704 0.001889 0.002118 0.000172 0.000135 0.000128 0.000137 0.000140 0.003122 0.002980 0.003173 0.003012 0.003041
0.003938 0.004514 0.004024 0.003771 0.003663 0.001927 0.002836 0.001851 0.001982 0.002260 0.000144 0.000184 0.000147 0.000150 0.000153 0.003069 0.003314 0.003339 0.003204 0.003209
0.003458 0.004024 0.004699 0.004225 0.004058 0.001861 0.002329 0.002527 0.001947 0.002304 0.000135 0.000160 0.000180 0.000164 0.000167 0.003197 0.003321 0.003559 0.003249 0.003094
0.003335 0.003771 0.004225 0.004741 0.004345 0.001847 0.002236 0.001967 0.002634 0.002342 0.000138 0.000156 0.000158 0.000197 0.000181 0.003163 0.003256 0.003182 0.003434 0.003189
0.003385 0.003663 0.004058 0.004345 0.004748 0.001839 0.002199 0.001911 0.002134 0.002934 0.000137 0.000155 0.000155 0.000172 0.000206 0.003256 0.003321 0.003221 0.003368 0.003399
0.002436 0.001927 0.001861 0.001847 0.001839 0.003212 0.001018 0.000711 0.000721 0.000801 0.000153 0.000071 0.000064 0.000067 0.000069 0.001888 0.001874 0.001944 0.001943 0.001932
0.001914 0.002836 0.002329 0.002236 0.002199 0.001018 0.003674 0.001136 0.000885 0.000881 0.000077 0.000172 0.000089 0.000081 0.000078 0.001897 0.002019 0.001851 0.001884 0.001871
0.001704 0.001851 0.002527 0.001967 0.001911 0.000711 0.001136 0.003234 0.000958 0.000810 0.000061 0.000075 0.000155 0.000083 0.000073 0.001953 0.001937 0.002163 0.001967 0.001918
0.001889 0.001982 0.001947 0.002634 0.002134 0.000721 0.000885 0.000958 0.003194 0.001097 0.000067 0.000072 0.000074 0.000158 0.000094 0.001908 0.001912 0.001827 0.001987 0.001883
0.002118 0.002260 0.002304 0.002342 0.002934 0.000801 0.000881 0.000810 0.001097 0.003576 0.000081 0.000086 0.000087 0.000100 0.000182 0.002036 0.002059 0.001988 0.001972 0.001969
0.000172 0.000144 0.000135 0.000138 0.000137 0.000153 0.000077 0.000061 0.000067 0.000081 0.000009 0.000005 0.000005 0.000005 0.000005 0.000145 0.000133 0.000135 0.000135 0.000137
0.000135 0.000184 0.000160 0.000156 0.000155 0.000071 0.000172 0.000075 0.000072 0.000086 0.000005 0.000011 0.000006 0.000006 0.000006 0.000130 0.000152 0.000143 0.000142 0.000151
0.000128 0.000147 0.000180 0.000158 0.000155 0.000064 0.000089 0.000155 0.000074 0.000087 0.000005 0.000006 0.000009 0.000006 0.000006 0.000143 0.000144 0.000149 0.000142 0.000145
0.000137 0.000150 0.000164 0.000197 0.000172 0.000067 0.000081 0.000083 0.000158 0.000100 0.000005 0.000006 0.000006 0.000012 0.000008 0.000147 0.000147 0.000141 0.000161 0.000143
0.000140 0.000153 0.000167 0.000181 0.000206 0.000069 0.000078 0.000073 0.000094 0.000182 0.000005 0.000006 0.000006 0.000008 0.000012 0.000151 0.000151 0.000142 0.000136 0.000147
0.003122 0.003069 0.003197 0.003163 0.003256 0.001888 0.001897 0.001953 0.001908 0.002036 0.000145 0.000130 0.000143 0.000147 0.000151 0.005086 0.004682 0.004686 0.004286 0.003815
0.002980 0.003314 0.003321 0.003256 0.003321 0.001874 0.002019 0.001937 0.001912 0.002059 0.000133 0.000152 0.000144 0.000147 0.000151 0.004682 0.005242 0.005051 0.004710 0.004210
0.003173 0.003339 0.003559 0.003182 0.003221 0.001944 0.001851 0.002163 0.001827 0.001988 0.000135 0.000143 0.000149 0.000141 0.000142 0.004686 0.005051 0.005467 0.004831 0.004386
0.003012 0.003204 0.003249 0.003434 0.003368 0.001943 0.001884 0.001967 0.001987 0.001972 0.000135 0.000142 0.000142 0.000161 0.000136 0.004286 0.004710 0.004831 0.005342 0.004705
0.003041 0.003209 0.003094 0.003189 0.003399 0.001932 0.001871 0.001918 0.001883 0.001969 0.000137 0.000151 0.000145 0.000143 0.000147 0.003815 0.004210 0.004386 0.004705 0.005332
# New time slice
0.004954 0.004352 0.003934 0.003706 0.003649 0.002848 0.002117 0.001942 0.002035 0.002139 0.000196 0.000158 0.000141 0.000147 0.000151 0.003579 0.003255 0.003481 0.003433 0.003315
